0   2 
 0   6 
 0   33 
 0   140 
 0   180 
 0   257 
 0   308 
 0   322 
 0   350 
 0   355 
 0   502 
 0   505 
 0   569 
 0   575 
 0   590 
 0   626 
 0   765 
 0   829 
 0   846 
 1   849 
 2   0 
 2   688 
 2   751 
 2   761 
 2   773 
 2   840 
 3   280 
 3   654 
 3   701 
 3   807 
 3   810 
 3   825 
 3   827 
 4   781 
 5   765 
 5   830 
 6   0 
 7   769 
 7   813 
 8   823 
 9   71 
 9   785 
 10   18 
 10   362 
 10   590 
 10   644 
 10   845 
 11   574 
 12   15 
 13   241 
 14   25 
 14   33 
 14   78 
 14   166 
 14   185 
 14   190 
 14   194 
 14   207 
 14   209 
 14   219 
 14   232 
 14   362 
 14   445 
 14   590 
 14   671 
 14   703 
 14   720 
 14   734 
 14   748 
 14   751 
 14   756 
 14   769 
 14   787 
 14   791 
 14   825 
 14   830 
 14   840 
 14   846 
 14   865 
 15   12 
 15   644 
 15   703 
 15   751 
 15   812 
 15   830 
 15   865 
 16   17 
 16   133 
 16   140 
 16   148 
 16   153 
 16   189 
 16   362 
 16   414 
 16   491 
 16   524 
 16   527 
 16   590 
 16   607 
 16   608 
 16   610 
 16   621 
 16   624 
 16   626 
 16   633 
 16   634 
 16   635 
 16   639 
 16   659 
 16   661 
 16   663 
 16   671 
 16   688 
 16   701 
 16   703 
 16   712 
 16   713 
 16   714 
 16   718 
 16   721 
 16   723 
 16   727 
 16   734 
 16   739 
 16   751 
 16   756 
 16   759 
 16   765 
 16   768 
 16   773 
 16   776 
 16   780 
 16   781 
 16   782 
 16   784 
 16   786 
 16   796 
 16   799 
 16   804 
 16   806 
 16   807 
 16   809 
 16   810 
 16   812 
 16   814 
 16   819 
 16   824 
 16   825 
 16   827 
 16   829 
 16   830 
 16   832 
 16   836 
 16   837 
 16   845 
 16   846 
 16   847 
 16   853 
 16   865 
 16   867 
 17   16 
 17   287 
 17   654 
 17   804 
 17   806 
 17   830 
 17   859 
 18   10 
 19   607 
 19   651 
 19   654 
 20   362 
 20   812 
 20   830 
 21   615 
 21   811 
 21   837 
 22   25 
 22   189 
 22   353 
 22   402 
 22   714 
 22   723 
 22   759 
 22   844 
 22   865 
 23   181 
 23   794 
 24   33 
 24   178 
 24   362 
 24   416 
 24   748 
 24   830 
 24   864 
 25   14 
 25   22 
 25   33 
 25   97 
 25   207 
 25   252 
 25   307 
 25   320 
 25   353 
 25   402 
 25   419 
 25   443 
 25   485 
 25   569 
 25   622 
 25   677 
 25   696 
 25   703 
 25   800 
 25   806 
 25   840 
 25   870 
 26   806 
 26   822 
 26   859 
 27   178 
 27   312 
 27   590 
 27   644 
 27   751 
 28   703 
 29   99 
 29   177 
 29   344 
 29   574 
 30   100 
 30   714 
 30   751 
 30   806 
 30   837 
 30   846 
 31   62 
 31   117 
 31   659 
 31   773 
 31   830 
 31   865 
 32   40 
 32   100 
 32   178 
 32   279 
 32   355 
 32   524 
 32   607 
 32   751 
 32   755 
 32   773 
 32   806 
 32   809 
 32   825 
 32   827 
 32   830 
 32   837 
 32   845 
 33   0 
 33   14 
 33   24 
 33   25 
 33   34 
 33   362 
 33   416 
 33   524 
 33   590 
 33   614 
 33   621 
 33   639 
 33   645 
 33   654 
 33   661 
 33   677 
 33   690 
 33   701 
 33   703 
 33   748 
 33   753 
 33   756 
 33   765 
 33   769 
 33   806 
 33   812 
 33   825 
 33   830 
 33   846 
 33   847 
 33   865 
 34   33 
 34   39 
 34   44 
 34   308 
 34   321 
 34   406 
 34   488 
 34   532 
 34   590 
 34   782 
 35   177 
 35   362 
 35   502 
 35   794 
 35   822 
 35   827 
 36   174 
 36   827 
 37   38 
 38   37 
 38   142 
 39   34 
 39   78 
 39   98 
 39   131 
 39   160 
 39   226 
 39   252 
 39   258 
 39   268 
 39   276 
 39   280 
 39   288 
 39   362 
 39   416 
 39   482 
 39   521 
 39   703 
 39   773 
 39   782 
 39   818 
 39   822 
 39   827 
 40   32 
 40   62 
 40   68 
 40   178 
 40   280 
 40   362 
 40   407 
 40   502 
 40   506 
 40   590 
 40   615 
 40   624 
 40   639 
 40   654 
 40   663 
 40   674 
 40   677 
 40   701 
 40   703 
 40   714 
 40   718 
 40   720 
 40   723 
 40   729 
 40   734 
 40   748 
 40   751 
 40   769 
 40   773 
 40   776 
 40   781 
 40   782 
 40   784 
 40   786 
 40   801 
 40   804 
 40   809 
 40   812 
 40   827 
 40   830 
 40   837 
 40   846 
 40   853 
 41   96 
 41   125 
 42   654 
 42   657 
 42   812 
 43   407 
 43   654 
 43   688 
 43   773 
 43   830 
 43   865 
 44   34 
 44   735 
 45   49 
 45   59 
 45   68 
 45   126 
 45   140 
 45   148 
 45   152 
 45   166 
 45   346 
 45   827 
 45   855 
 45   873 
 46   657 
 46   827 
 47   259 
 47   703 
 47   708 
 47   765 
 47   827 
 48   52 
 48   62 
 48   65 
 48   98 
 48   170 
 48   337 
 48   761 
 48   782 
 48   827 
 48   873 
 49   45 
 49   68 
 49   147 
 49   654 
 49   686 
 49   845 
 50   590 
 50   806 
 50   827 
 51   574 
 51   765 
 51   830 
 52   48 
 52   78 
 52   703 
 52   782 
 52   827 
 52   837 
 53   98 
 53   178 
 53   388 
 53   853 
 54   55 
 54   502 
 55   54 
 55   98 
 55   133 
 55   644 
 55   703 
 55   804 
 55   827 
 55   865 
 56   71 
 57   133 
 57   147 
 57   209 
 57   336 
 57   597 
 57   782 
 57   827 
 57   846 
 58   62 
 58   65 
 58   71 
 58   865 
 59   45 
 59   417 
 59   421 
 59   502 
 60   753 
 61   94 
 61   178 
 61   748 
 61   825 
 61   869 
 62   31 
 62   40 
 62   48 
 62   58 
 62   117 
 62   416 
 62   485 
 62   524 
 62   527 
 62   590 
 62   607 
 62   639 
 62   677 
 62   703 
 62   718 
 62   720 
 62   735 
 62   748 
 62   756 
 62   827 
 62   829 
 62   834 
 62   836 
 62   846 
 62   857 
 62   861 
 62   865 
 63   773 
 64   202 
 64   204 
 64   355 
 64   466 
 64   590 
 64   857 
 65   48 
 65   58 
 65   71 
 65   827 
 65   873 
 66   406 
 66   502 
 66   574 
 66   794 
 67   130 
 67   131 
 67   502 
 67   779 
 68   40 
 68   45 
 68   49 
 68   110 
 68   138 
 68   166 
 68   178 
 68   179 
 68   205 
 68   274 
 68   308 
 68   445 
 68   502 
 68   590 
 68   645 
 68   654 
 68   806 
 68   873 
 69   78 
 69   207 
 69   728 
 70   287 
 70   590 
 70   713 
 70   731 
 71   9 
 71   56 
 71   58 
 71   65 
 71   77 
 71   79 
 71   88 
 71   98 
 71   100 
 71   110 
 71   178 
 71   186 
 71   237 
 71   250 
 71   253 
 71   279 
 71   283 
 71   286 
 71   288 
 71   466 
 71   527 
 71   590 
 71   607 
 71   614 
 71   639 
 71   645 
 71   671 
 71   701 
 71   703 
 71   714 
 71   727 
 71   730 
 71   773 
 71   794 
 71   812 
 71   822 
 71   827 
 71   836 
 71   845 
 71   846 
 71   853 
 71   865 
 71   866 
 71   873 
 72   590 
 72   730 
 72   812 
 72   818 
 73   701 
 73   714 
 73   840 
 74   142 
 75   296 
 75   402 
 75   481 
 75   487 
 75   661 
 75   663 
 75   667 
 75   703 
 75   790 
 75   806 
 76   78 
 76   98 
 76   135 
 76   139 
 76   430 
 76   445 
 76   572 
 76   728 
 76   748 
 76   751 
 76   776 
 76   794 
 76   846 
 76   859 
 77   71 
 77   143 
 77   179 
 77   223 
 77   237 
 77   257 
 77   407 
 77   666 
 78   14 
 78   39 
 78   52 
 78   69 
 78   76 
 78   110 
 78   134 
 78   144 
 78   156 
 78   163 
 78   164 
 78   257 
 78   258 
 78   407 
 78   445 
 78   537 
 78   597 
 78   635 
 78   714 
 78   720 
 78   721 
 78   728 
 78   734 
 78   751 
 78   759 
 78   768 
 78   773 
 78   776 
 78   782 
 78   786 
 78   791 
 78   804 
 78   813 
 78   821 
 78   837 
 78   846 
 78   865 
 78   869 
 79   71 
 79   110 
 79   178 
 79   703 
 79   729 
 79   827 
 79   873 
 80   148 
 80   200 
 80   321 
 80   548 
 80   572 
 81   82 
 81   125 
 81   126 
 81   416 
 81   716 
 81   773 
 81   855 
 81   866 
 82   81 
 82   362 
 82   716 
 82   780 
 82   830 
 83   259 
 83   416 
 83   527 
 83   751 
 83   811 
 83   859 
 84   574 
 85   306 
 86   93 
 87   713 
 88   71 
 88   822 
 89   293 
 89   388 
 90   96 
 90   782 
 90   804 
 91   96 
 91   125 
 91   126 
 92   98 
 93   86 
 93   94 
 93   96 
 93   99 
 93   177 
 93   178 
 93   192 
 93   195 
 93   357 
 94   61 
 94   93 
 94   188 
 94   651 
 94   846 
 95   312 
 96   41 
 96   90 
 96   91 
 96   93 
 96   105 
 96   111 
 96   112 
 96   114 
 96   186 
 97   25 
 98   39 
 98   48 
 98   53 
 98   55 
 98   71 
 98   76 
 98   92 
 98   178 
 98   371 
 98   445 
 98   615 
 98   635 
 98   645 
 98   666 
 98   713 
 98   721 
 98   751 
 98   755 
 98   761 
 98   768 
 98   773 
 98   781 
 98   830 
 98   837 
 98   853 
 98   859 
 98   863 
 99   29 
 99   93 
 100   30 
 100   32 
 100   71 
 100   110 
 100   124 
 100   153 
 100   154 
 100   196 
 100   205 
 100   236 
 100   251 
 100   255 
 100   257 
 100   286 
 100   308 
 100   346 
 100   362 
 100   402 
 100   406 
 100   417 
 100   491 
 100   621 
 100   635 
 100   654 
 100   658 
 100   659 
 100   671 
 100   673 
 100   700 
 100   701 
 100   703 
 100   717 
 100   727 
 100   773 
 100   781 
 100   797 
 100   825 
 100   827 
 100   844 
 100   847 
 100   873 
 101   209 
 101   761 
 102   104 
 102   209 
 102   298 
 102   330 
 102   391 
 102   482 
 102   502 
 102   554 
 102   583 
 102   806 
 102   822 
 102   864 
 103   137 
 103   165 
 103   445 
 103   574 
 104   102 
 104   209 
 104   590 
 104   654 
 104   703 
 104   751 
 104   846 
 105   96 
 105   714 
 105   753 
 105   781 
 105   830 
 106   362 
 107   761 
 108   773 
 109   160 
 109   399 
 109   574 
 110   68 
 110   71 
 110   78 
 110   79 
 110   100 
 110   148 
 110   178 
 110   186 
 110   202 
 110   253 
 110   306 
 110   362 
 110   445 
 110   466 
 110   590 
 110   773 
 110   827 
 110   853 
 110   855 
 110   873 
 111   96 
 112   96 
 112   417 
 113   215 
 114   96 
 114   175 
 114   504 
 115   621 
 116   259 
 117   31 
 117   62 
 117   250 
 117   253 
 117   377 
 117   387 
 117   465 
 117   503 
 117   532 
 117   688 
 117   730 
 117   749 
 117   811 
 117   847 
 118   130 
 118   794 
 119   198 
 119   306 
 119   782 
 120   590 
 121   362 
 121   703 
 121   739 
 122   131 
 122   152 
 122   200 
 122   322 
 122   338 
 122   397 
 122   546 
 123   445 
 124   100 
 124   308 
 124   321 
 125   41 
 125   81 
 125   91 
 125   126 
 125   421 
 125   751 
 125   809 
 126   45 
 126   81 
 126   91 
 126   125 
 126   524 
 126   607 
 126   659 
 126   661 
 126   751 
 126   837 
 126   840 
 126   855 
 127   812 
 128   574 
 129   140 
 129   157 
 130   67 
 130   118 
 130   590 
 130   621 
 130   701 
 130   794 
 130   827 
 130   865 
 131   39 
 131   67 
 131   122 
 131   148 
 131   315 
 131   333 
 131   346 
 131   502 
 131   548 
 131   574 
 131   714 
 131   751 
 131   807 
 131   818 
 131   822 
 131   829 
 131   837 
 132   140 
 132   179 
 133   16 
 133   55 
 133   57 
 133   136 
 133   171 
 133   207 
 133   251 
 133   443 
 133   574 
 133   622 
 133   677 
 133   681 
 133   696 
 133   702 
 133   768 
 133   826 
 134   78 
 134   156 
 134   163 
 134   336 
 134   337 
 134   521 
 134   813 
 134   821 
 134   865 
 135   76 
 135   207 
 135   865 
 136   133 
 136   207 
 137   103 
 137   165 
 137   259 
 138   68 
 138   421 
 138   659 
 138   703 
 138   714 
 138   781 
 138   865 
 139   76 
 139   274 
 140   0 
 140   16 
 140   45 
 140   129 
 140   132 
 140   144 
 140   157 
 140   159 
 140   163 
 140   166 
 140   187 
 140   198 
 140   202 
 140   209 
 140   224 
 140   259 
 140   288 
 140   295 
 140   355 
 140   357 
 140   364 
 140   466 
 140   521 
 140   574 
 140   590 
 140   632 
 140   645 
 140   671 
 140   688 
 140   701 
 140   703 
 140   716 
 140   751 
 140   753 
 140   769 
 140   776 
 140   806 
 140   812 
 140   830 
 140   837 
 140   846 
 140   865 
 141   142 
 142   38 
 142   74 
 142   141 
 142   537 
 142   827 
 143   77 
 143   590 
 143   782 
 143   825 
 144   78 
 144   140 
 144   161 
 144   165 
 144   166 
 144   583 
 145   155 
 145   306 
 146   721 
 146   808 
 146   833 
 147   49 
 147   57 
 147   167 
 147   633 
 147   671 
 148   16 
 148   45 
 148   80 
 148   110 
 148   131 
 148   178 
 148   227 
 148   294 
 148   326 
 148   346 
 148   355 
 148   388 
 148   406 
 148   448 
 148   596 
 148   645 
 148   761 
 148   794 
 148   834 
 148   845 
 148   846 
 148   853 
 148   855 
 149   574 
 150   445 
 151   336 
 151   607 
 151   703 
 151   721 
 151   751 
 151   810 
 151   865 
 152   45 
 152   122 
 152   159 
 152   166 
 152   200 
 152   294 
 152   302 
 152   350 
 152   460 
 152   515 
 152   590 
 152   731 
 152   761 
 152   827 
 152   846 
 153   16 
 153   100 
 153   171 
 153   278 
 153   353 
 153   402 
 153   574 
 153   616 
 153   657 
 153   673 
 153   683 
 153   700 
 153   702 
 153   703 
 153   756 
 153   769 
 153   792 
 153   812 
 153   844 
 153   857 
 153   865 
 154   100 
 154   756 
 154   844 
 155   145 
 155   645 
 155   671 
 156   78 
 156   134 
 157   129 
 157   140 
 157   645 
 158   291 
 158   417 
 159   140 
 159   152 
 159   827 
 160   39 
 160   109 
 160   165 
 160   336 
 160   445 
 160   574 
 160   810 
 161   144 
 162   165 
 162   515 
 162   590 
 162   830 
 163   78 
 163   134 
 163   140 
 163   166 
 164   78 
 164   515 
 165   103 
 165   137 
 165   144 
 165   160 
 165   162 
 165   259 
 165   515 
 165   574 
 166   14 
 166   45 
 166   68 
 166   140 
 166   144 
 166   152 
 166   163 
 166   205 
 166   224 
 166   226 
 166   373 
 166   502 
 166   569 
 166   701 
 166   730 
 166   827 
 166   829 
 166   830 
 166   855 
 167   147 
 167   574 
 168   556 
 168   827 
 169   502 
 169   730 
 170   48 
 170   574 
 171   133 
 171   153 
 171   671 
 171   714 
 171   751 
 171   822 
 171   830 
 171   840 
 171   865 
 172   346 
 172   730 
 173   402 
 173   659 
 174   36 
 175   114 
 175   574 
 176   730 
 177   29 
 177   35 
 177   93 
 177   256 
 177   259 
 177   574 
 178   24 
 178   27 
 178   32 
 178   40 
 178   53 
 178   61 
 178   68 
 178   71 
 178   79 
 178   93 
 178   98 
 178   110 
 178   148 
 178   181 
 178   223 
 178   237 
 178   268 
 178   279 
 178   286 
 178   304 
 178   319 
 178   346 
 178   351 
 178   355 
 178   356 
 178   357 
 178   362 
 178   364 
 178   380 
 178   383 
 178   388 
 178   391 
 178   406 
 178   416 
 178   417 
 178   422 
 178   445 
 178   455 
 178   465 
 178   486 
 178   502 
 178   515 
 178   524 
 178   527 
 178   555 
 178   590 
 178   607 
 178   614 
 178   621 
 178   624 
 178   626 
 178   639 
 178   643 
 178   644 
 178   654 
 178   671 
 178   677 
 178   701 
 178   703 
 178   710 
 178   714 
 178   716 
 178   718 
 178   723 
 178   739 
 178   748 
 178   751 
 178   753 
 178   769 
 178   773 
 178   779 
 178   794 
 178   806 
 178   810 
 178   818 
 178   825 
 178   827 
 178   830 
 178   836 
 178   837 
 178   845 
 178   846 
 178   853 
 178   854 
 178   855 
 178   857 
 178   859 
 178   865 
 179   68 
 179   77 
 179   132 
 179   181 
 179   268 
 179   308 
 179   406 
 179   407 
 179   590 
 179   693 
 179   838 
 180   0 
 180   181 
 180   280 
 180   332 
 180   521 
 180   590 
 180   703 
 180   739 
 180   751 
 180   801 
 180   827 
 180   837 
 180   865 
 181   23 
 181   178 
 181   179 
 181   180 
 181   202 
 181   306 
 181   680 
 181   773 
 181   866 
 182   273 
 182   278 
 182   479 
 183   865 
 184   186 
 184   590 
 184   865 
 185   14 
 186   71 
 186   96 
 186   110 
 186   184 
 186   332 
 186   362 
 186   502 
 186   527 
 186   703 
 186   714 
 186   830 
 187   140 
 188   94 
 189   16 
 189   22 
 189   296 
 189   606 
 189   621 
 189   639 
 189   666 
 189   844 
 189   865 
 190   14 
 190   825 
 191   200 
 191   346 
 192   93 
 192   357 
 193   362 
 193   614 
 193   714 
 193   739 
 193   751 
 193   806 
 193   865 
 194   14 
 194   825 
 195   93 
 195   574 
 195   666 
 196   100 
 196   844 
 197   306 
 198   119 
 198   140 
 198   574 
 198   782 
 199   206 
 200   80 
 200   122 
 200   152 
 200   191 
 200   460 
 200   502 
 200   515 
 200   521 
 200   527 
 200   574 
 200   590 
 200   659 
 200   703 
 200   714 
 200   751 
 200   776 
 200   781 
 200   830 
 200   837 
 201   279 
 201   306 
 201   344 
 201   346 
 201   574 
 201   730 
 202   64 
 202   110 
 202   140 
 202   181 
 202   204 
 202   279 
 202   305 
 202   322 
 202   327 
 202   406 
 202   417 
 202   421 
 202   466 
 202   502 
 202   574 
 202   730 
 202   866 
 203   606 
 204   64 
 204   202 
 204   224 
 204   362 
 204   466 
 204   701 
 204   829 
 204   830 
 205   68 
 205   100 
 205   166 
 206   199 
 206   445 
 206   574 
 207   14 
 207   25 
 207   69 
 207   133 
 207   135 
 207   136 
 207   346 
 207   504 
 207   575 
 207   622 
 207   657 
 207   681 
 207   730 
 207   769 
 207   772 
 207   792 
 208   701 
 209   14 
 209   57 
 209   101 
 209   102 
 209   104 
 209   140 
 209   321 
 209   466 
 209   502 
 209   597 
 209   654 
 209   720 
 209   735 
 209   751 
 209   761 
 209   779 
 209   782 
 209   806 
 209   821 
 209   822 
 209   829 
 209   846 
 209   853 
 209   854 
 209   866 
 210   466 
 210   502 
 211   571 
 211   844 
 212   402 
 212   527 
 212   633 
 212   634 
 212   642 
 212   651 
 212   657 
 212   658 
 212   666 
 212   860 
 213   246 
 213   302 
 213   466 
 213   502 
 214   659 
 214   751 
 214   807 
 215   113 
 215   466 
 215   473 
 215   494 
 215   574 
 216   502 
 217   443 
 218   219 
 218   294 
 218   502 
 218   590 
 219   14 
 219   218 
 219   294 
 219   825 
 220   466 
 221   279 
 221   502 
 221   614 
 221   753 
 221   812 
 222   666 
 222   812 
 223   77 
 223   178 
 223   237 
 223   257 
 223   407 
 223   614 
 223   661 
 223   748 
 223   866 
 224   140 
 224   166 
 224   204 
 224   226 
 224   502 
 225   845 
 226   39 
 226   166 
 226   224 
 226   261 
 226   308 
 226   502 
 227   148 
 227   348 
 227   361 
 227   590 
 228   502 
 229   231 
 230   231 
 231   229 
 231   230 
 231   234 
 231   344 
 231   399 
 232   14 
 232   769 
 232   830 
 233   837 
 234   231 
 234   466 
 234   502 
 235   308 
 235   502 
 236   100 
 237   71 
 237   77 
 237   178 
 237   223 
 237   407 
 237   417 
 237   502 
 237   523 
 237   526 
 237   552 
 237   753 
 237   821 
 238   502 
 238   635 
 238   701 
 238   846 
 239   466 
 239   661 
 239   668 
 239   701 
 239   703 
 239   714 
 239   751 
 239   773 
 239   830 
 239   865 
 240   853 
 241   13 
 241   313 
 241   353 
 241   402 
 241   590 
 241   621 
 241   643 
 241   722 
 241   804 
 241   837 
 241   840 
 241   849 
 242   834 
 243   466 
 243   502 
 243   830 
 244   344 
 244   362 
 244   821 
 245   300 
 245   308 
 246   213 
 246   308 
 246   590 
 246   701 
 246   709 
 246   751 
 246   761 
 246   825 
 247   590 
 247   714 
 248   308 
 248   321 
 248   432 
 249   250 
 250   71 
 250   117 
 250   249 
 250   645 
 250   773 
 250   822 
 250   864 
 251   100 
 251   133 
 251   308 
 251   362 
 251   466 
 251   502 
 251   524 
 251   635 
 251   703 
 251   773 
 251   810 
 251   865 
 251   873 
 252   25 
 252   39 
 252   574 
 253   71 
 253   110 
 253   117 
 253   281 
 253   283 
 253   308 
 253   321 
 253   362 
 253   502 
 253   703 
 253   714 
 253   751 
 253   780 
 253   781 
 253   846 
 253   853 
 254   308 
 255   100 
 255   286 
 255   308 
 255   355 
 255   502 
 256   177 
 256   371 
 256   556 
 256   574 
 257   0 
 257   77 
 257   78 
 257   100 
 257   223 
 257   258 
 257   308 
 257   362 
 257   714 
 257   814 
 257   837 
 257   846 
 258   39 
 258   78 
 258   257 
 258   259 
 258   336 
 258   703 
 258   751 
 258   782 
 258   813 
 258   837 
 259   47 
 259   83 
 259   116 
 259   137 
 259   140 
 259   165 
 259   177 
 259   258 
 259   336 
 259   521 
 259   574 
 259   590 
 260   829 
 261   226 
 261   279 
 261   304 
 261   597 
 261   779 
 261   813 
 262   263 
 262   307 
 263   262 
 263   307 
 264   308 
 265   310 
 265   321 
 266   466 
 266   590 
 267   302 
 267   574 
 267   654 
 268   39 
 268   178 
 268   179 
 268   322 
 268   362 
 268   373 
 268   376 
 268   380 
 268   445 
 268   729 
 268   773 
 268   822 
 268   825 
 268   830 
 269   277 
 269   445 
 269   507 
 269   574 
 270   494 
 270   574 
 271   714 
 271   865 
 272   274 
 272   362 
 272   811 
 273   182 
 273   278 
 273   402 
 273   625 
 273   722 
 274   68 
 274   139 
 274   272 
 274   279 
 274   282 
 274   284 
 274   302 
 274   337 
 274   346 
 274   362 
 274   388 
 274   445 
 274   506 
 274   515 
 274   521 
 274   574 
 274   583 
 274   713 
 274   761 
 274   811 
 274   834 
 274   845 
 275   806 
 276   39 
 277   269 
 277   574 
 278   153 
 278   182 
 278   273 
 278   299 
 278   362 
 278   393 
 278   402 
 278   621 
 278   657 
 278   659 
 278   700 
 278   703 
 278   710 
 278   714 
 278   781 
 278   783 
 278   812 
 278   814 
 278   844 
 278   846 
 278   857 
 278   865 
 279   32 
 279   71 
 279   178 
 279   201 
 279   202 
 279   221 
 279   261 
 279   274 
 279   286 
 279   288 
 279   303 
 279   304 
 279   306 
 279   307 
 279   309 
 279   311 
 279   312 
 279   314 
 279   321 
 279   327 
 279   328 
 279   332 
 279   350 
 279   355 
 279   361 
 279   368 
 279   371 
 279   385 
 279   399 
 279   421 
 279   445 
 279   524 
 279   554 
 279   626 
 279   639 
 279   661 
 279   703 
 279   714 
 279   730 
 279   751 
 279   773 
 279   781 
 279   810 
 279   811 
 279   818 
 279   821 
 279   830 
 279   846 
 279   865 
 279   868 
 280   3 
 280   39 
 280   40 
 280   180 
 280   362 
 280   822 
 280   827 
 280   846 
 281   253 
 281   301 
 282   274 
 283   71 
 283   253 
 283   308 
 283   321 
 283   445 
 284   274 
 284   375 
 284   515 
 284   713 
 284   773 
 285   443 
 285   593 
 285   621 
 285   721 
 285   857 
 286   71 
 286   100 
 286   178 
 286   255 
 286   279 
 286   666 
 286   832 
 287   17 
 287   70 
 287   417 
 287   723 
 287   773 
 288   39 
 288   71 
 288   140 
 288   279 
 288   295 
 288   308 
 288   362 
 288   380 
 288   401 
 288   502 
 288   570 
 288   597 
 288   645 
 288   659 
 288   671 
 288   703 
 288   718 
 288   753 
 288   761 
 288   791 
 288   830 
 289   776 
 289   782 
 289   837 
 290   588 
 291   158 
 291   515 
 292   829 
 293   89 
 294   148 
 294   152 
 294   218 
 294   219 
 294   362 
 294   502 
 294   590 
 294   614 
 294   688 
 294   703 
 294   751 
 294   753 
 294   773 
 294   777 
 294   794 
 294   827 
 294   846 
 295   140 
 295   288 
 295   690 
 296   75 
 296   189 
 296   353 
 296   402 
 296   621 
 296   629 
 296   648 
 296   659 
 296   666 
 296   703 
 296   722 
 297   332 
 298   102 
 298   583 
 299   278 
 299   402 
 299   627 
 299   781 
 300   245 
 300   716 
 300   751 
 300   782 
 300   830 
 300   846 
 301   281 
 301   306 
 301   332 
 302   152 
 302   213 
 302   267 
 302   274 
 302   466 
 302   506 
 302   515 
 302   574 
 302   645 
 302   654 
 302   713 
 302   751 
 302   773 
 302   830 
 303   279 
 303   307 
 303   445 
 303   455 
 304   178 
 304   261 
 304   279 
 304   321 
 304   332 
 304   445 
 304   570 
 304   574 
 305   202 
 305   327 
 305   360 
 305   466 
 305   574 
 306   85 
 306   110 
 306   119 
 306   145 
 306   181 
 306   197 
 306   201 
 306   279 
 306   301 
 306   321 
 306   332 
 306   346 
 306   373 
 306   417 
 306   436 
 306   445 
 306   466 
 306   502 
 306   654 
 306   782 
 306   821 
 306   846 
 307   25 
 307   262 
 307   263 
 307   279 
 307   303 
 307   308 
 307   334 
 307   434 
 308   0 
 308   34 
 308   68 
 308   100 
 308   124 
 308   179 
 308   226 
 308   235 
 308   245 
 308   246 
 308   248 
 308   251 
 308   253 
 308   254 
 308   255 
 308   257 
 308   264 
 308   283 
 308   288 
 308   307 
 308   314 
 308   321 
 308   332 
 308   334 
 308   335 
 308   336 
 308   338 
 308   343 
 308   355 
 308   406 
 308   479 
 308   499 
 308   514 
 308   516 
 308   518 
 308   519 
 308   520 
 308   570 
 308   575 
 308   591 
 308   730 
 308   755 
 308   822 
 308   830 
 309   279 
 309   714 
 309   730 
 309   818 
 310   265 
 311   279 
 312   27 
 312   95 
 312   279 
 312   644 
 312   654 
 312   773 
 313   241 
 313   658 
 313   723 
 314   279 
 314   308 
 314   321 
 314   482 
 314   502 
 314   822 
 315   131 
 315   346 
 316   321 
 316   346 
 316   355 
 316   502 
 316   806 
 317   321 
 318   321 
 319   178 
 319   416 
 319   590 
 319   645 
 320   25 
 320   402 
 320   620 
 320   721 
 320   769 
 321   34 
 321   80 
 321   124 
 321   209 
 321   248 
 321   253 
 321   265 
 321   279 
 321   283 
 321   304 
 321   306 
 321   308 
 321   314 
 321   316 
 321   317 
 321   318 
 321   322 
 321   328 
 321   337 
 321   346 
 321   355 
 321   399 
 321   442 
 321   445 
 321   472 
 321   478 
 321   570 
 321   661 
 321   748 
 321   846 
 322   0 
 322   122 
 322   202 
 322   268 
 322   321 
 322   362 
 322   488 
 322   590 
 322   818 
 322   825 
 322   829 
 322   846 
 322   852 
 323   325 
 324   346 
 324   494 
 324   865 
 325   323 
 325   337 
 326   148 
 326   708 
 327   202 
 327   279 
 327   305 
 327   360 
 327   375 
 327   406 
 327   502 
 327   574 
 327   708 
 327   777 
 328   279 
 328   321 
 329   331 
 329   337 
 329   360 
 329   421 
 329   821 
 329   868 
 330   102 
 330   432 
 330   515 
 330   583 
 331   329 
 331   337 
 332   180 
 332   186 
 332   279 
 332   297 
 332   301 
 332   304 
 332   306 
 332   308 
 332   406 
 332   714 
 332   718 
 332   865 
 333   131 
 334   307 
 334   308 
 334   355 
 335   308 
 335   336 
 335   466 
 335   574 
 335   626 
 335   761 
 335   782 
 335   825 
 335   846 
 336   57 
 336   134 
 336   151 
 336   160 
 336   258 
 336   259 
 336   308 
 336   335 
 336   343 
 336   360 
 336   403 
 336   406 
 336   422 
 336   430 
 336   445 
 336   493 
 336   574 
 336   590 
 336   607 
 336   641 
 336   751 
 336   782 
 336   810 
 337   48 
 337   134 
 337   274 
 337   321 
 337   325 
 337   329 
 337   331 
 337   821 
 338   122 
 338   308 
 338   360 
 338   627 
 338   659 
 338   794 
 338   830 
 338   846 
 339   402 
 340   344 
 341   342 
 341   360 
 342   341 
 342   360 
 343   308 
 343   336 
 343   360 
 344   29 
 344   201 
 344   231 
 344   244 
 344   340 
 344   502 
 344   574 
 344   779 
 345   402 
 345   443 
 345   721 
 345   812 
 346   45 
 346   100 
 346   131 
 346   148 
 346   172 
 346   178 
 346   191 
 346   201 
 346   207 
 346   274 
 346   306 
 346   315 
 346   316 
 346   321 
 346   324 
 346   355 
 346   502 
 346   521 
 346   560 
 346   575 
 346   614 
 346   703 
 346   782 
 346   806 
 346   827 
 346   830 
 346   853 
 347   355 
 347   821 
 348   227 
 348   730 
 349   447 
 349   453 
 349   502 
 349   515 
 349   575 
 349   583 
 349   730 
 349   828 
 350   0 
 350   152 
 350   279 
 350   502 
 351   178 
 351   739 
 351   773 
 351   818 
 351   830 
 351   846 
 351   865 
 352   355 
 353   22 
 353   25 
 353   153 
 353   241 
 353   296 
 353   714 
 353   814 
 353   844 
 353   849 
 353   865 
 354   360 
 354   399 
 355   0 
 355   32 
 355   64 
 355   140 
 355   148 
 355   178 
 355   255 
 355   279 
 355   308 
 355   316 
 355   321 
 355   334 
 355   346 
 355   347 
 355   352 
 355   356 
 355   357 
 355   361 
 355   363 
 355   364 
 355   388 
 355   434 
 355   497 
 355   502 
 355   570 
 355   654 
 355   703 
 355   720 
 355   773 
 355   781 
 355   806 
 355   821 
 355   853 
 355   855 
 355   865 
 356   178 
 356   355 
 357   93 
 357   140 
 357   178 
 357   192 
 357   355 
 357   387 
 357   438 
 358   434 
 359   756 
 360   305 
 360   327 
 360   329 
 360   336 
 360   338 
 360   341 
 360   342 
 360   343 
 360   354 
 360   368 
 360   433 
 360   502 
 360   583 
 361   227 
 361   279 
 361   355 
 361   502 
 361   569 
 361   830 
 361   855 
 362   10 
 362   14 
 362   16 
 362   20 
 362   24 
 362   33 
 362   35 
 362   39 
 362   40 
 362   82 
 362   100 
 362   106 
 362   110 
 362   121 
 362   178 
 362   186 
 362   193 
 362   204 
 362   244 
 362   251 
 362   253 
 362   257 
 362   268 
 362   272 
 362   274 
 362   278 
 362   280 
 362   288 
 362   294 
 362   322 
 362   380 
 362   388 
 362   397 
 362   402 
 362   417 
 362   455 
 362   461 
 362   466 
 362   477 
 362   488 
 362   532 
 362   569 
 362   572 
 362   575 
 362   591 
 362   622 
 362   624 
 362   639 
 362   645 
 362   657 
 362   671 
 362   673 
 362   675 
 362   686 
 362   703 
 362   717 
 362   721 
 362   725 
 362   741 
 362   757 
 362   762 
 362   767 
 362   773 
 362   790 
 362   800 
 362   806 
 362   807 
 362   809 
 362   825 
 362   831 
 362   836 
 362   845 
 362   847 
 362   853 
 362   865 
 363   355 
 363   502 
 364   140 
 364   178 
 364   355 
 364   654 
 364   773 
 364   830 
 364   855 
 365   434 
 366   367 
 366   466 
 366   553 
 367   366 
 368   279 
 368   360 
 368   554 
 369   372 
 369   373 
 369   384 
 369   385 
 369   395 
 369   434 
 369   521 
 369   846 
 370   730 
 371   98 
 371   256 
 371   279 
 371   680 
 371   721 
 371   751 
 371   781 
 371   804 
 371   846 
 371   857 
 371   865 
 372   369 
 373   166 
 373   268 
 373   306 
 373   369 
 373   375 
 373   417 
 373   435 
 373   440 
 373   445 
 373   446 
 373   486 
 373   502 
 373   523 
 373   524 
 373   544 
 373   569 
 373   575 
 373   730 
 373   806 
 373   821 
 373   830 
 373   865 
 374   487 
 374   606 
 374   696 
 374   703 
 375   284 
 375   327 
 375   373 
 376   268 
 377   117 
 378   590 
 378   865 
 379   383 
 380   178 
 380   268 
 380   288 
 380   362 
 380   460 
 380   590 
 380   645 
 380   703 
 380   751 
 380   769 
 380   773 
 380   781 
 380   782 
 380   822 
 380   829 
 380   830 
 380   846 
 380   852 
 381   730 
 382   383 
 382   521 
 383   178 
 383   379 
 383   382 
 383   384 
 383   385 
 383   386 
 383   388 
 384   369 
 384   383 
 384   385 
 384   386 
 384   846 
 385   279 
 385   369 
 385   383 
 385   384 
 385   386 
 385   806 
 386   383 
 386   384 
 386   385 
 386   821 
 386   857 
 387   117 
 387   357 
 388   53 
 388   89 
 388   148 
 388   178 
 388   274 
 388   355 
 388   362 
 388   383 
 388   417 
 388   445 
 388   528 
 388   827 
 388   846 
 389   504 
 390   399 
 390   445 
 390   730 
 391   102 
 391   178 
 391   422 
 391   474 
 391   482 
 391   517 
 391   583 
 391   846 
 392   417 
 392   502 
 393   278 
 393   402 
 393   657 
 393   658 
 394   502 
 394   806 
 395   369 
 395   703 
 396   865 
 397   122 
 397   362 
 397   515 
 397   590 
 397   639 
 397   703 
 397   739 
 397   773 
 397   825 
 397   865 
 398   625 
 398   626 
 398   627 
 398   812 
 398   865 
 399   109 
 399   231 
 399   279 
 399   321 
 399   354 
 399   390 
 399   445 
 399   449 
 399   502 
 399   508 
 399   521 
 399   574 
 399   855 
 400   521 
 401   288 
 401   417 
 401   482 
 401   517 
 401   541 
 401   583 
 401   730 
 402   22 
 402   25 
 402   75 
 402   100 
 402   153 
 402   173 
 402   212 
 402   241 
 402   273 
 402   278 
 402   296 
 402   299 
 402   320 
 402   339 
 402   345 
 402   362 
 402   393 
 402   407 
 402   443 
 402   464 
 402   524 
 402   628 
 402   659 
 402   683 
 402   701 
 402   710 
 402   714 
 402   720 
 402   721 
 402   723 
 402   729 
 402   773 
 402   804 
 402   812 
 402   823 
 402   833 
 402   844 
 402   846 
 402   857 
 402   865 
 403   336 
 403   405 
 403   406 
 403   563 
 403   834 
 404   846 
 405   403 
 405   406 
 406   34 
 406   66 
 406   100 
 406   148 
 406   178 
 406   179 
 406   202 
 406   308 
 406   327 
 406   332 
 406   336 
 406   403 
 406   405 
 406   428 
 406   431 
 406   445 
 406   461 
 406   497 
 406   502 
 406   590 
 406   639 
 406   718 
 406   730 
 406   751 
 406   781 
 406   794 
 406   818 
 406   830 
 406   834 
 406   865 
 407   40 
 407   43 
 407   77 
 407   78 
 407   179 
 407   223 
 407   237 
 407   402 
 407   605 
 407   606 
 407   611 
 407   621 
 407   648 
 407   657 
 407   671 
 407   688 
 407   703 
 407   734 
 407   748 
 407   810 
 408   416 
 409   497 
 409   502 
 409   590 
 409   781 
 409   864 
 410   417 
 410   703 
 410   846 
 411   413 
 412   502 
 413   411 
 413   515 
 413   730 
 414   16 
 414   524 
 414   610 
 414   622 
 414   624 
 414   639 
 414   659 
 414   703 
 414   819 
 415   502 
 416   24 
 416   33 
 416   39 
 416   62 
 416   81 
 416   83 
 416   178 
 416   319 
 416   408 
 416   614 
 416   859 
 417   59 
 417   100 
 417   112 
 417   158 
 417   178 
 417   202 
 417   237 
 417   287 
 417   306 
 417   362 
 417   373 
 417   388 
 417   392 
 417   401 
 417   410 
 417   419 
 417   432 
 417   435 
 417   442 
 417   455 
 417   515 
 417   519 
 417   524 
 417   543 
 417   560 
 417   575 
 417   583 
 417   590 
 417   597 
 417   645 
 417   703 
 417   713 
 417   720 
 417   739 
 417   753 
 417   769 
 417   773 
 417   780 
 417   781 
 417   818 
 417   821 
 417   829 
 417   830 
 417   846 
 417   855 
 417   864 
 417   865 
 418   658 
 419   25 
 419   417 
 420   502 
 421   59 
 421   125 
 421   138 
 421   202 
 421   279 
 421   329 
 421   445 
 421   466 
 421   502 
 421   569 
 421   834 
 422   178 
 422   336 
 422   391 
 422   486 
 423   427 
 423   442 
 423   448 
 424   830 
 425   471 
 425   473 
 425   494 
 425   569 
 425   574 
 425   730 
 425   830 
 425   846 
 426   427 
 426   432 
 426   527 
 426   569 
 426   865 
 427   423 
 427   426 
 427   569 
 428   406 
 428   438 
 428   445 
 428   502 
 428   526 
 428   552 
 428   569 
 428   575 
 429   569 
 430   76 
 430   336 
 430   445 
 431   406 
 431   502 
 431   569 
 432   248 
 432   330 
 432   417 
 432   426 
 432   437 
 432   455 
 432   502 
 432   583 
 433   360 
 433   502 
 433   523 
 434   307 
 434   355 
 434   358 
 434   365 
 434   369 
 434   438 
 434   502 
 434   773 
 434   806 
 435   373 
 435   417 
 436   306 
 436   455 
 436   502 
 436   569 
 436   730 
 437   432 
 438   357 
 438   428 
 438   434 
 438   502 
 439   445 
 440   373 
 440   502 
 440   569 
 440   703 
 440   846 
 441   730 
 442   321 
 442   417 
 442   423 
 442   703 
 443   25 
 443   133 
 443   217 
 443   285 
 443   345 
 443   402 
 443   485 
 443   491 
 443   621 
 443   622 
 443   624 
 443   643 
 443   661 
 443   671 
 443   678 
 443   804 
 443   806 
 443   857 
 443   865 
 444   445 
 444   459 
 444   575 
 444   596 
 445   14 
 445   68 
 445   76 
 445   78 
 445   98 
 445   103 
 445   110 
 445   123 
 445   150 
 445   160 
 445   178 
 445   206 
 445   268 
 445   269 
 445   274 
 445   279 
 445   283 
 445   303 
 445   304 
 445   306 
 445   321 
 445   336 
 445   373 
 445   388 
 445   390 
 445   399 
 445   406 
 445   421 
 445   428 
 445   430 
 445   439 
 445   444 
 445   446 
 445   455 
 445   462 
 445   474 
 445   477 
 445   482 
 445   502 
 445   507 
 445   521 
 445   523 
 445   535 
 445   537 
 445   569 
 445   574 
 445   575 
 445   654 
 445   730 
 445   768 
 445   769 
 445   781 
 445   782 
 445   794 
 445   806 
 445   810 
 446   373 
 446   445 
 447   349 
 447   450 
 447   451 
 447   452 
 447   453 
 447   455 
 447   459 
 447   502 
 447   864 
 448   148 
 448   423 
 448   502 
 448   590 
 448   855 
 449   399 
 449   502 
 449   560 
 449   588 
 450   447 
 450   452 
 450   453 
 450   455 
 450   459 
 450   502 
 450   546 
 450   730 
 451   447 
 451   452 
 451   453 
 451   455 
 451   459 
 452   447 
 452   450 
 452   451 
 452   453 
 452   502 
 452   569 
 453   349 
 453   447 
 453   450 
 453   451 
 453   452 
 453   455 
 453   459 
 454   569 
 455   178 
 455   303 
 455   362 
 455   417 
 455   432 
 455   436 
 455   445 
 455   447 
 455   450 
 455   451 
 455   453 
 455   482 
 455   502 
 455   510 
 455   515 
 455   517 
 455   523 
 455   583 
 455   590 
 455   596 
 455   730 
 455   761 
 455   769 
 455   773 
 455   818 
 455   828 
 455   830 
 455   834 
 455   846 
 455   864 
 456   537 
 457   465 
 457   569 
 457   590 
 458   708 
 458   753 
 459   444 
 459   447 
 459   450 
 459   451 
 459   453 
 459   462 
 459   468 
 459   471 
 459   476 
 459   528 
 459   597 
 459   626 
 459   730 
 459   779 
 459   821 
 459   864 
 460   152 
 460   200 
 460   380 
 460   471 
 460   567 
 460   575 
 460   730 
 460   866 
 461   362 
 461   406 
 461   466 
 461   497 
 461   502 
 461   666 
 461   718 
 461   730 
 461   753 
 461   769 
 461   773 
 461   865 
 462   445 
 462   459 
 462   502 
 462   510 
 462   730 
 462   846 
 463   865 
 464   402 
 464   620 
 464   781 
 465   117 
 465   178 
 465   457 
 465   590 
 465   865 
 466   64 
 466   71 
 466   110 
 466   140 
 466   202 
 466   204 
 466   209 
 466   210 
 466   213 
 466   215 
 466   220 
 466   234 
 466   239 
 466   243 
 466   251 
 466   266 
 466   302 
 466   305 
 466   306 
 466   335 
 466   362 
 466   366 
 466   421 
 466   461 
 466   483 
 466   502 
 466   515 
 466   590 
 466   614 
 466   688 
 466   730 
 466   769 
 466   784 
 466   813 
 466   822 
 466   825 
 466   846 
 466   857 
 466   865 
 467   498 
 467   521 
 467   730 
 467   865 
 468   459 
 468   782 
 469   569 
 470   471 
 471   425 
 471   459 
 471   460 
 471   470 
 471   596 
 472   321 
 473   215 
 473   425 
 473   583 
 473   730 
 474   391 
 474   445 
 474   486 
 474   730 
 474   818 
 474   825 
 475   488 
 475   807 
 476   459 
 477   362 
 477   445 
 477   482 
 477   510 
 477   830 
 477   855 
 478   321 
 478   480 
 478   550 
 478   703 
 479   182 
 479   308 
 479   614 
 479   703 
 479   764 
 479   830 
 480   478 
 480   550 
 481   75 
 481   485 
 481   487 
 481   628 
 481   643 
 481   659 
 481   667 
 481   759 
 481   792 
 482   39 
 482   102 
 482   314 
 482   391 
 482   401 
 482   445 
 482   455 
 482   477 
 482   517 
 482   583 
 482   806 
 482   828 
 482   864 
 483   466 
 483   502 
 484   708 
 485   25 
 485   62 
 485   443 
 485   481 
 485   607 
 485   608 
 485   639 
 485   643 
 485   654 
 485   672 
 485   677 
 485   680 
 485   687 
 485   690 
 485   691 
 485   703 
 485   714 
 485   751 
 485   810 
 485   825 
 485   830 
 486   178 
 486   373 
 486   422 
 486   474 
 486   493 
 486   551 
 486   575 
 487   75 
 487   374 
 487   481 
 487   628 
 487   820 
 487   857 
 488   34 
 488   322 
 488   362 
 488   475 
 488   524 
 488   528 
 488   703 
 488   753 
 488   825 
 488   830 
 488   837 
 489   490 
 489   825 
 490   489 
 490   825 
 491   16 
 491   100 
 491   443 
 491   622 
 491   768 
 491   857 
 492   510 
 493   336 
 493   486 
 493   730 
 494   215 
 494   270 
 494   324 
 494   425 
 495   504 
 496   654 
 497   355 
 497   406 
 497   409 
 497   461 
 497   502 
 497   536 
 497   806 
 498   467 
 498   521 
 499   308 
 500   645 
 500   830 
 500   865 
 501   610 
 501   621 
 501   865 
 502   0 
 502   35 
 502   40 
 502   54 
 502   59 
 502   66 
 502   67 
 502   68 
 502   102 
 502   131 
 502   166 
 502   169 
 502   178 
 502   186 
 502   200 
 502   202 
 502   209 
 502   210 
 502   213 
 502   216 
 502   218 
 502   221 
 502   224 
 502   226 
 502   228 
 502   234 
 502   235 
 502   237 
 502   238 
 502   243 
 502   251 
 502   253 
 502   255 
 502   288 
 502   294 
 502   306 
 502   314 
 502   316 
 502   327 
 502   344 
 502   346 
 502   349 
 502   350 
 502   355 
 502   360 
 502   361 
 502   363 
 502   373 
 502   392 
 502   394 
 502   399 
 502   406 
 502   409 
 502   412 
 502   415 
 502   420 
 502   421 
 502   428 
 502   431 
 502   432 
 502   433 
 502   434 
 502   436 
 502   438 
 502   440 
 502   445 
 502   447 
 502   448 
 502   449 
 502   450 
 502   452 
 502   455 
 502   461 
 502   462 
 502   466 
 502   483 
 502   497 
 502   510 
 502   519 
 502   523 
 502   528 
 502   546 
 502   551 
 502   558 
 502   560 
 502   575 
 502   583 
 502   730 
 502   755 
 502   781 
 502   794 
 502   806 
 502   829 
 502   830 
 502   834 
 502   845 
 502   846 
 502   855 
 503   117 
 503   587 
 503   865 
 504   114 
 504   207 
 504   389 
 504   495 
 504   830 
 505   0 
 506   40 
 506   274 
 506   302 
 506   624 
 506   696 
 507   269 
 507   445 
 508   399 
 508   569 
 509   865 
 510   455 
 510   462 
 510   477 
 510   492 
 510   502 
 510   730 
 511   821 
 512   782 
 513   546 
 514   308 
 515   152 
 515   162 
 515   164 
 515   165 
 515   178 
 515   200 
 515   274 
 515   284 
 515   291 
 515   302 
 515   330 
 515   349 
 515   397 
 515   413 
 515   417 
 515   455 
 515   466 
 515   569 
 515   575 
 515   583 
 515   590 
 515   615 
 515   730 
 515   755 
 515   827 
 515   846 
 516   308 
 516   517 
 516   865 
 517   391 
 517   401 
 517   455 
 517   482 
 517   516 
 517   538 
 517   583 
 518   308 
 519   308 
 519   417 
 519   502 
 520   308 
 520   546 
 520   568 
 520   600 
 520   601 
 520   830 
 521   39 
 521   134 
 521   140 
 521   180 
 521   200 
 521   259 
 521   274 
 521   346 
 521   369 
 521   382 
 521   399 
 521   400 
 521   445 
 521   467 
 521   498 
 521   535 
 521   586 
 521   595 
 521   723 
 521   730 
 521   846 
 521   851 
 522   830 
 522   865 
 523   237 
 523   373 
 523   433 
 523   445 
 523   455 
 523   502 
 523   855 
 524   16 
 524   32 
 524   33 
 524   62 
 524   126 
 524   178 
 524   251 
 524   279 
 524   373 
 524   402 
 524   414 
 524   417 
 524   488 
 524   610 
 524   621 
 524   622 
 524   639 
 524   657 
 524   667 
 524   696 
 524   703 
 524   768 
 524   819 
 524   825 
 524   836 
 524   865 
 525   530 
 525   551 
 526   237 
 526   428 
 526   590 
 526   821 
 527   16 
 527   62 
 527   71 
 527   83 
 527   178 
 527   186 
 527   200 
 527   212 
 527   426 
 527   622 
 527   639 
 527   657 
 527   703 
 527   718 
 527   730 
 527   806 
 528   388 
 528   459 
 528   488 
 528   502 
 528   821 
 529   645 
 529   865 
 530   525 
 531   645 
 532   34 
 532   117 
 532   362 
 532   645 
 532   730 
 532   782 
 532   830 
 533   538 
 533   539 
 533   540 
 533   541 
 533   542 
 533   543 
 533   544 
 533   551 
 533   583 
 533   779 
 534   546 
 535   445 
 535   521 
 536   497 
 536   761 
 537   78 
 537   142 
 537   445 
 537   456 
 537   574 
 538   517 
 538   533 
 538   539 
 538   540 
 538   541 
 538   542 
 539   533 
 539   538 
 539   541 
 539   779 
 540   533 
 540   538 
 540   541 
 540   543 
 540   779 
 541   401 
 541   533 
 541   538 
 541   539 
 541   540 
 541   542 
 541   543 
 541   551 
 541   779 
 542   533 
 542   538 
 542   541 
 542   779 
 543   417 
 543   533 
 543   540 
 543   541 
 544   373 
 544   533 
 544   597 
 544   779 
 545   546 
 545   596 
 546   122 
 546   450 
 546   502 
 546   513 
 546   520 
 546   534 
 546   545 
 546   550 
 547   590 
 548   80 
 548   131 
 548   559 
 548   589 
 549   596 
 550   478 
 550   480 
 550   546 
 551   486 
 551   502 
 551   525 
 551   533 
 551   541 
 551   583 
 552   237 
 552   428 
 552   590 
 553   366 
 554   102 
 554   279 
 554   368 
 554   730 
 555   178 
 556   168 
 556   256 
 556   773 
 557   865 
 558   502 
 559   548 
 560   346 
 560   417 
 560   449 
 560   502 
 560   730 
 560   806 
 560   846 
 561   865 
 562   865 
 563   403 
 563   806 
 564   622 
 564   624 
 565   865 
 566   761 
 567   460 
 568   520 
 569   0 
 569   25 
 569   166 
 569   361 
 569   362 
 569   373 
 569   421 
 569   425 
 569   426 
 569   427 
 569   428 
 569   429 
 569   431 
 569   436 
 569   440 
 569   445 
 569   452 
 569   454 
 569   457 
 569   469 
 569   508 
 569   515 
 569   583 
 569   730 
 569   761 
 569   773 
 569   846 
 569   864 
 570   288 
 570   304 
 570   308 
 570   321 
 570   355 
 571   211 
 572   76 
 572   80 
 572   362 
 572   701 
 572   751 
 572   773 
 572   794 
 572   829 
 573   574 
 574   11 
 574   29 
 574   51 
 574   66 
 574   84 
 574   103 
 574   109 
 574   128 
 574   131 
 574   133 
 574   140 
 574   149 
 574   153 
 574   160 
 574   165 
 574   167 
 574   170 
 574   175 
 574   177 
 574   195 
 574   198 
 574   200 
 574   201 
 574   202 
 574   206 
 574   215 
 574   252 
 574   256 
 574   259 
 574   267 
 574   269 
 574   270 
 574   274 
 574   277 
 574   302 
 574   304 
 574   305 
 574   327 
 574   335 
 574   336 
 574   344 
 574   399 
 574   425 
 574   445 
 574   537 
 574   573 
 574   597 
 574   641 
 574   701 
 574   755 
 574   768 
 574   779 
 574   786 
 574   834 
 574   837 
 574   846 
 574   865 
 575   0 
 575   207 
 575   308 
 575   346 
 575   349 
 575   362 
 575   373 
 575   417 
 575   428 
 575   444 
 575   445 
 575   460 
 575   486 
 575   502 
 575   515 
 575   730 
 575   830 
 575   855 
 575   865 
 576   621 
 576   622 
 576   657 
 576   723 
 577   834 
 578   587 
 579   865 
 580   865 
 581   587 
 582   865 
 583   102 
 583   144 
 583   274 
 583   298 
 583   330 
 583   349 
 583   360 
 583   391 
 583   401 
 583   417 
 583   432 
 583   455 
 583   473 
 583   482 
 583   502 
 583   515 
 583   517 
 583   533 
 583   551 
 583   569 
 583   730 
 583   761 
 583   846 
 583   864 
 584   587 
 585   782 
 586   521 
 586   587 
 587   503 
 587   578 
 587   581 
 587   584 
 587   586 
 588   290 
 588   449 
 589   548 
 590   0 
 590   10 
 590   14 
 590   16 
 590   27 
 590   33 
 590   34 
 590   40 
 590   50 
 590   62 
 590   64 
 590   68 
 590   70 
 590   71 
 590   72 
 590   104 
 590   110 
 590   120 
 590   130 
 590   140 
 590   143 
 590   152 
 590   162 
 590   178 
 590   179 
 590   180 
 590   184 
 590   200 
 590   218 
 590   227 
 590   241 
 590   246 
 590   247 
 590   259 
 590   266 
 590   294 
 590   319 
 590   322 
 590   336 
 590   378 
 590   380 
 590   397 
 590   406 
 590   409 
 590   417 
 590   448 
 590   455 
 590   457 
 590   465 
 590   466 
 590   515 
 590   526 
 590   547 
 590   552 
 590   591 
 590   594 
 590   599 
 590   601 
 590   607 
 590   621 
 590   624 
 590   639 
 590   643 
 590   654 
 590   668 
 590   701 
 590   703 
 590   706 
 590   714 
 590   717 
 590   725 
 590   734 
 590   751 
 590   757 
 590   762 
 590   765 
 590   767 
 590   769 
 590   773 
 590   782 
 590   804 
 590   806 
 590   809 
 590   812 
 590   819 
 590   825 
 590   827 
 590   829 
 590   830 
 590   836 
 590   841 
 590   844 
 590   845 
 590   850 
 590   865 
 591   308 
 591   362 
 591   590 
 592   601 
 593   285 
 593   610 
 593   621 
 593   624 
 594   590 
 595   521 
 596   148 
 596   444 
 596   455 
 596   471 
 596   545 
 596   549 
 597   57 
 597   78 
 597   209 
 597   261 
 597   288 
 597   417 
 597   459 
 597   544 
 597   574 
 597   598 
 597   626 
 597   730 
 597   779 
 597   821 
 597   846 
 598   597 
 598   605 
 598   622 
 598   626 
 598   627 
 598   657 
 598   685 
 598   703 
 598   846 
 599   590 
 599   645 
 599   782 
 600   520 
 600   601 
 601   520 
 601   590 
 601   592 
 601   600 
 602   723 
 603   604 
 603   723 
 604   603 
 604   659 
 604   723 
 605   407 
 605   598 
 605   606 
 605   621 
 605   622 
 605   657 
 605   692 
 605   703 
 605   810 
 606   189 
 606   203 
 606   374 
 606   407 
 606   605 
 606   614 
 606   620 
 606   621 
 606   685 
 606   720 
 606   759 
 606   804 
 606   810 
 606   837 
 606   865 
 607   16 
 607   19 
 607   32 
 607   62 
 607   71 
 607   126 
 607   151 
 607   178 
 607   336 
 607   485 
 607   590 
 607   608 
 607   609 
 607   621 
 607   626 
 607   643 
 607   649 
 607   667 
 607   676 
 607   701 
 607   703 
 607   705 
 607   790 
 607   792 
 607   812 
 607   825 
 607   845 
 608   16 
 608   485 
 608   607 
 608   638 
 608   703 
 608   789 
 608   806 
 609   607 
 609   630 
 609   632 
 609   649 
 609   659 
 609   701 
 609   703 
 609   717 
 609   812 
 609   846 
 610   16 
 610   414 
 610   501 
 610   524 
 610   593 
 610   621 
 610   624 
 610   639 
 610   703 
 610   721 
 610   748 
 610   806 
 610   814 
 610   843 
 611   407 
 611   621 
 612   809 
 613   614 
 613   622 
 613   629 
 613   644 
 613   657 
 613   753 
 613   769 
 614   33 
 614   71 
 614   178 
 614   193 
 614   221 
 614   223 
 614   294 
 614   346 
 614   416 
 614   466 
 614   479 
 614   606 
 614   613 
 614   622 
 614   623 
 614   637 
 614   643 
 614   652 
 614   657 
 614   695 
 614   730 
 614   753 
 614   767 
 614   769 
 614   781 
 614   806 
 614   807 
 614   809 
 614   813 
 615   21 
 615   40 
 615   98 
 615   515 
 615   618 
 615   621 
 615   639 
 615   661 
 615   698 
 615   700 
 615   702 
 615   709 
 615   717 
 615   809 
 615   829 
 615   847 
 616   153 
 616   701 
 616   756 
 616   812 
 617   618 
 617   621 
 617   655 
 618   615 
 618   617 
 618   655 
 619   621 
 619   769 
 619   865 
 620   320 
 620   464 
 620   606 
 620   621 
 620   696 
 620   703 
 620   759 
 620   837 
 620   857 
 621   16 
 621   33 
 621   100 
 621   115 
 621   130 
 621   178 
 621   189 
 621   241 
 621   278 
 621   285 
 621   296 
 621   407 
 621   443 
 621   501 
 621   524 
 621   576 
 621   590 
 621   593 
 621   605 
 621   606 
 621   607 
 621   610 
 621   611 
 621   615 
 621   617 
 621   619 
 621   620 
 621   634 
 621   639 
 621   644 
 621   645 
 621   646 
 621   647 
 621   648 
 621   657 
 621   666 
 621   671 
 621   676 
 621   688 
 621   690 
 621   701 
 621   703 
 621   705 
 621   711 
 621   714 
 621   715 
 621   722 
 621   723 
 621   746 
 621   750 
 621   751 
 621   753 
 621   767 
 621   768 
 621   773 
 621   781 
 621   783 
 621   804 
 621   809 
 621   810 
 621   812 
 621   814 
 621   821 
 621   825 
 621   830 
 621   837 
 621   846 
 621   847 
 621   865 
 621   869 
 622   25 
 622   133 
 622   207 
 622   362 
 622   414 
 622   443 
 622   491 
 622   524 
 622   527 
 622   564 
 622   576 
 622   598 
 622   605 
 622   613 
 622   614 
 622   624 
 622   628 
 622   657 
 622   681 
 622   693 
 622   694 
 622   703 
 622   718 
 622   752 
 622   753 
 622   756 
 622   769 
 622   790 
 622   812 
 622   830 
 622   846 
 622   861 
 622   862 
 622   865 
 623   614 
 623   639 
 623   657 
 624   16 
 624   40 
 624   178 
 624   362 
 624   414 
 624   443 
 624   506 
 624   564 
 624   590 
 624   593 
 624   610 
 624   622 
 624   626 
 624   643 
 624   650 
 624   657 
 624   659 
 624   673 
 624   703 
 624   710 
 624   714 
 624   717 
 624   729 
 624   753 
 624   792 
 624   797 
 624   806 
 624   812 
 624   836 
 624   837 
 624   844 
 624   847 
 624   857 
 625   273 
 625   398 
 625   812 
 625   857 
 626   0 
 626   16 
 626   178 
 626   279 
 626   335 
 626   398 
 626   459 
 626   597 
 626   598 
 626   607 
 626   624 
 626   627 
 626   628 
 626   639 
 626   649 
 626   657 
 626   659 
 626   663 
 626   681 
 626   703 
 626   751 
 626   753 
 626   790 
 626   792 
 626   800 
 626   806 
 626   812 
 626   825 
 626   836 
 626   847 
 626   853 
 626   865 
 626   869 
 627   299 
 627   338 
 627   398 
 627   598 
 627   626 
 627   629 
 627   652 
 627   657 
 627   659 
 627   660 
 627   663 
 627   710 
 627   792 
 627   794 
 627   830 
 628   402 
 628   481 
 628   487 
 628   622 
 628   626 
 628   667 
 629   296 
 629   613 
 629   627 
 629   639 
 629   652 
 629   663 
 629   698 
 629   701 
 629   703 
 629   753 
 629   781 
 629   819 
 629   830 
 630   609 
 630   631 
 630   633 
 630   655 
 630   659 
 630   703 
 630   726 
 630   751 
 630   810 
 630   847 
 631   630 
 631   649 
 631   806 
 631   857 
 632   140 
 632   609 
 632   657 
 632   753 
 632   768 
 632   781 
 632   790 
 632   847 
 633   16 
 633   147 
 633   212 
 633   630 
 633   634 
 633   635 
 633   636 
 633   639 
 633   657 
 633   660 
 633   700 
 633   726 
 633   847 
 634   16 
 634   212 
 634   621 
 634   633 
 634   635 
 634   636 
 634   639 
 634   657 
 634   661 
 634   671 
 634   700 
 634   703 
 634   705 
 634   726 
 634   776 
 634   789 
 634   809 
 634   813 
 634   825 
 634   847 
 634   865 
 635   16 
 635   78 
 635   98 
 635   100 
 635   238 
 635   251 
 635   633 
 635   634 
 635   645 
 635   657 
 635   703 
 635   717 
 635   748 
 635   757 
 635   806 
 635   819 
 635   847 
 636   633 
 636   634 
 637   614 
 638   608 
 638   660 
 638   703 
 638   755 
 639   16 
 639   33 
 639   40 
 639   62 
 639   71 
 639   178 
 639   189 
 639   279 
 639   362 
 639   397 
 639   406 
 639   414 
 639   485 
 639   524 
 639   527 
 639   590 
 639   610 
 639   615 
 639   621 
 639   623 
 639   626 
 639   629 
 639   633 
 639   634 
 639   643 
 639   647 
 639   650 
 639   659 
 639   660 
 639   661 
 639   662 
 639   663 
 639   666 
 639   668 
 639   673 
 639   680 
 639   690 
 639   700 
 639   703 
 639   707 
 639   714 
 639   718 
 639   724 
 639   753 
 639   767 
 639   773 
 639   800 
 639   806 
 639   821 
 639   825 
 639   830 
 639   836 
 639   837 
 639   845 
 639   847 
 639   865 
 640   657 
 640   751 
 641   336 
 641   574 
 641   700 
 642   212 
 643   178 
 643   241 
 643   443 
 643   481 
 643   485 
 643   590 
 643   607 
 643   614 
 643   624 
 643   639 
 643   649 
 643   659 
 643   660 
 643   666 
 643   690 
 643   701 
 643   703 
 643   710 
 643   712 
 643   713 
 643   729 
 643   753 
 643   790 
 643   812 
 643   830 
 643   857 
 643   865 
 644   10 
 644   15 
 644   27 
 644   55 
 644   178 
 644   312 
 644   613 
 644   621 
 644   657 
 644   697 
 644   703 
 644   753 
 644   769 
 644   806 
 644   847 
 645   33 
 645   68 
 645   71 
 645   98 
 645   140 
 645   148 
 645   155 
 645   157 
 645   250 
 645   288 
 645   302 
 645   319 
 645   362 
 645   380 
 645   417 
 645   500 
 645   529 
 645   531 
 645   532 
 645   599 
 645   621 
 645   635 
 645   654 
 645   657 
 645   671 
 645   688 
 645   701 
 645   717 
 645   727 
 645   757 
 645   762 
 645   796 
 645   806 
 645   809 
 645   819 
 645   825 
 645   830 
 645   831 
 646   621 
 646   647 
 646   703 
 647   621 
 647   639 
 647   646 
 647   666 
 647   700 
 648   296 
 648   407 
 648   621 
 648   656 
 648   751 
 648   806 
 649   607 
 649   609 
 649   626 
 649   631 
 649   643 
 649   659 
 649   751 
 649   781 
 649   806 
 649   812 
 650   624 
 650   639 
 650   703 
 650   809 
 651   19 
 651   94 
 651   212 
 651   676 
 651   810 
 652   614 
 652   627 
 652   629 
 652   654 
 652   660 
 652   663 
 652   666 
 652   751 
 652   801 
 652   804 
 652   806 
 652   812 
 653   654 
 654   3 
 654   17 
 654   19 
 654   33 
 654   40 
 654   42 
 654   43 
 654   49 
 654   68 
 654   100 
 654   104 
 654   178 
 654   209 
 654   267 
 654   302 
 654   306 
 654   312 
 654   355 
 654   364 
 654   445 
 654   485 
 654   496 
 654   590 
 654   645 
 654   652 
 654   653 
 654   657 
 654   663 
 654   664 
 654   667 
 654   676 
 654   677 
 654   680 
 654   687 
 654   688 
 654   691 
 654   698 
 654   700 
 654   701 
 654   703 
 654   709 
 654   716 
 654   720 
 654   723 
 654   724 
 654   727 
 654   731 
 654   732 
 654   735 
 654   739 
 654   748 
 654   751 
 654   761 
 654   762 
 654   763 
 654   769 
 654   790 
 654   809 
 654   810 
 654   812 
 654   830 
 654   846 
 654   847 
 654   848 
 654   850 
 655   617 
 655   618 
 655   630 
 655   806 
 656   648 
 656   701 
 656   751 
 657   42 
 657   46 
 657   153 
 657   207 
 657   212 
 657   278 
 657   362 
 657   393 
 657   407 
 657   524 
 657   527 
 657   576 
 657   598 
 657   605 
 657   613 
 657   614 
 657   621 
 657   622 
 657   623 
 657   624 
 657   626 
 657   627 
 657   632 
 657   633 
 657   634 
 657   635 
 657   640 
 657   644 
 657   645 
 657   654 
 657   658 
 657   659 
 657   665 
 657   666 
 657   667 
 657   672 
 657   674 
 657   676 
 657   677 
 657   685 
 657   696 
 657   701 
 657   703 
 657   710 
 657   711 
 657   714 
 657   724 
 657   726 
 657   747 
 657   753 
 657   767 
 657   773 
 657   781 
 657   790 
 657   804 
 657   812 
 657   814 
 657   822 
 657   830 
 657   836 
 657   837 
 657   846 
 657   849 
 657   857 
 657   865 
 658   100 
 658   212 
 658   313 
 658   393 
 658   418 
 658   657 
 658   700 
 658   723 
 658   781 
 659   16 
 659   31 
 659   100 
 659   126 
 659   138 
 659   173 
 659   200 
 659   214 
 659   278 
 659   288 
 659   296 
 659   338 
 659   402 
 659   414 
 659   481 
 659   604 
 659   609 
 659   624 
 659   626 
 659   627 
 659   630 
 659   639 
 659   643 
 659   649 
 659   657 
 659   661 
 659   668 
 659   675 
 659   677 
 659   700 
 659   701 
 659   702 
 659   703 
 659   714 
 659   717 
 659   726 
 659   751 
 659   753 
 659   754 
 659   761 
 659   767 
 659   769 
 659   781 
 659   792 
 659   806 
 659   812 
 659   816 
 659   830 
 659   846 
 659   853 
 659   865 
 660   627 
 660   633 
 660   638 
 660   639 
 660   643 
 660   652 
 660   661 
 660   703 
 660   751 
 660   865 
 661   16 
 661   33 
 661   75 
 661   126 
 661   223 
 661   239 
 661   279 
 661   321 
 661   443 
 661   615 
 661   634 
 661   639 
 661   659 
 661   660 
 661   663 
 661   666 
 661   668 
 661   690 
 661   703 
 661   710 
 661   717 
 661   735 
 661   751 
 661   782 
 661   799 
 661   801 
 661   806 
 661   824 
 661   829 
 661   837 
 661   847 
 661   853 
 662   639 
 662   689 
 662   751 
 663   16 
 663   40 
 663   75 
 663   626 
 663   627 
 663   629 
 663   639 
 663   652 
 663   654 
 663   661 
 663   665 
 663   685 
 663   703 
 663   705 
 663   792 
 663   804 
 663   830 
 664   654 
 664   751 
 665   657 
 665   663 
 665   667 
 665   703 
 665   705 
 665   790 
 666   77 
 666   98 
 666   189 
 666   195 
 666   212 
 666   222 
 666   286 
 666   296 
 666   461 
 666   621 
 666   639 
 666   643 
 666   647 
 666   652 
 666   657 
 666   661 
 666   667 
 666   677 
 666   700 
 666   703 
 666   781 
 666   783 
 666   790 
 666   804 
 666   806 
 666   807 
 666   812 
 666   819 
 667   75 
 667   481 
 667   524 
 667   607 
 667   628 
 667   654 
 667   657 
 667   665 
 667   666 
 667   678 
 667   703 
 667   753 
 667   804 
 667   810 
 668   239 
 668   590 
 668   639 
 668   659 
 668   661 
 668   701 
 668   721 
 668   783 
 668   830 
 669   710 
 670   672 
 670   703 
 671   14 
 671   16 
 671   71 
 671   100 
 671   140 
 671   147 
 671   155 
 671   171 
 671   178 
 671   288 
 671   362 
 671   407 
 671   443 
 671   621 
 671   634 
 671   645 
 671   701 
 671   703 
 671   725 
 671   727 
 671   751 
 671   781 
 671   797 
 671   807 
 671   814 
 671   821 
 671   825 
 671   836 
 671   837 
 671   846 
 671   857 
 672   485 
 672   657 
 672   670 
 672   677 
 672   703 
 672   719 
 672   723 
 672   769 
 672   790 
 672   853 
 672   869 
 673   100 
 673   153 
 673   362 
 673   624 
 673   639 
 673   700 
 673   703 
 673   714 
 673   729 
 673   804 
 673   812 
 674   40 
 674   657 
 675   362 
 675   659 
 676   607 
 676   621 
 676   651 
 676   654 
 676   657 
 676   691 
 676   701 
 676   703 
 676   705 
 676   732 
 676   751 
 676   806 
 676   812 
 676   857 
 677   25 
 677   33 
 677   40 
 677   62 
 677   133 
 677   178 
 677   485 
 677   654 
 677   657 
 677   659 
 677   666 
 677   672 
 677   679 
 677   680 
 677   687 
 677   690 
 677   703 
 677   730 
 677   751 
 677   775 
 677   781 
 677   783 
 677   812 
 677   857 
 677   865 
 678   443 
 678   667 
 679   677 
 679   680 
 680   181 
 680   371 
 680   485 
 680   639 
 680   654 
 680   677 
 680   679 
 680   687 
 680   690 
 680   703 
 680   746 
 680   751 
 680   781 
 681   133 
 681   207 
 681   622 
 681   626 
 681   703 
 681   724 
 681   857 
 681   865 
 682   724 
 682   751 
 682   806 
 682   845 
 683   153 
 683   402 
 684   698 
 684   703 
 685   598 
 685   606 
 685   657 
 685   663 
 685   703 
 685   762 
 686   49 
 686   362 
 686   702 
 686   703 
 686   751 
 686   799 
 686   830 
 686   848 
 686   865 
 686   872 
 687   485 
 687   654 
 687   677 
 687   680 
 687   751 
 688   2 
 688   16 
 688   43 
 688   117 
 688   140 
 688   294 
 688   407 
 688   466 
 688   621 
 688   645 
 688   654 
 688   691 
 688   695 
 688   701 
 688   751 
 688   761 
 688   804 
 688   809 
 688   812 
 688   830 
 688   847 
 688   865 
 689   662 
 689   690 
 689   703 
 690   33 
 690   295 
 690   485 
 690   621 
 690   639 
 690   643 
 690   661 
 690   677 
 690   680 
 690   689 
 690   691 
 690   703 
 690   751 
 690   806 
 691   485 
 691   654 
 691   676 
 691   688 
 691   690 
 691   692 
 691   694 
 692   605 
 692   691 
 693   179 
 693   622 
 694   622 
 694   691 
 695   614 
 695   688 
 695   769 
 695   830 
 696   25 
 696   133 
 696   374 
 696   506 
 696   524 
 696   620 
 696   657 
 696   703 
 696   714 
 696   723 
 696   759 
 696   783 
 696   804 
 696   830 
 696   865 
 697   644 
 697   830 
 698   615 
 698   629 
 698   654 
 698   684 
 698   703 
 699   703 
 700   100 
 700   153 
 700   278 
 700   615 
 700   633 
 700   634 
 700   639 
 700   641 
 700   647 
 700   654 
 700   658 
 700   659 
 700   666 
 700   673 
 700   703 
 700   707 
 700   714 
 700   773 
 700   781 
 700   801 
 700   804 
 700   830 
 700   865 
 701   3 
 701   16 
 701   33 
 701   40 
 701   71 
 701   73 
 701   100 
 701   130 
 701   140 
 701   166 
 701   178 
 701   204 
 701   208 
 701   238 
 701   239 
 701   246 
 701   402 
 701   572 
 701   574 
 701   590 
 701   607 
 701   609 
 701   616 
 701   621 
 701   629 
 701   643 
 701   645 
 701   654 
 701   656 
 701   657 
 701   659 
 701   668 
 701   671 
 701   676 
 701   688 
 701   703 
 701   704 
 701   717 
 701   725 
 701   730 
 701   734 
 701   751 
 701   756 
 701   762 
 701   767 
 701   789 
 701   790 
 701   810 
 701   812 
 701   816 
 701   817 
 701   819 
 701   825 
 701   830 
 701   842 
 701   844 
 701   847 
 701   865 
 701   871 
 702   133 
 702   153 
 702   615 
 702   659 
 702   686 
 702   715 
 702   760 
 702   773 
 702   783 
 702   814 
 702   837 
 702   865 
 703   14 
 703   15 
 703   16 
 703   25 
 703   28 
 703   33 
 703   39 
 703   40 
 703   47 
 703   52 
 703   55 
 703   62 
 703   71 
 703   75 
 703   79 
 703   100 
 703   104 
 703   121 
 703   138 
 703   140 
 703   151 
 703   153 
 703   178 
 703   180 
 703   186 
 703   200 
 703   239 
 703   251 
 703   253 
 703   258 
 703   278 
 703   279 
 703   288 
 703   294 
 703   296 
 703   346 
 703   355 
 703   362 
 703   374 
 703   380 
 703   395 
 703   397 
 703   407 
 703   410 
 703   414 
 703   417 
 703   440 
 703   442 
 703   478 
 703   479 
 703   485 
 703   488 
 703   524 
 703   527 
 703   590 
 703   598 
 703   605 
 703   607 
 703   608 
 703   609 
 703   610 
 703   620 
 703   621 
 703   622 
 703   624 
 703   626 
 703   629 
 703   630 
 703   634 
 703   635 
 703   638 
 703   639 
 703   643 
 703   644 
 703   646 
 703   650 
 703   654 
 703   657 
 703   659 
 703   660 
 703   661 
 703   663 
 703   665 
 703   666 
 703   667 
 703   670 
 703   671 
 703   672 
 703   673 
 703   676 
 703   677 
 703   680 
 703   681 
 703   684 
 703   685 
 703   686 
 703   689 
 703   690 
 703   696 
 703   698 
 703   699 
 703   700 
 703   701 
 703   706 
 703   707 
 703   708 
 703   714 
 703   717 
 703   718 
 703   720 
 703   721 
 703   723 
 703   729 
 703   751 
 703   753 
 703   759 
 703   762 
 703   769 
 703   773 
 703   787 
 703   789 
 703   790 
 703   792 
 703   797 
 703   801 
 703   802 
 703   804 
 703   806 
 703   807 
 703   810 
 703   812 
 703   819 
 703   825 
 703   827 
 703   830 
 703   833 
 703   836 
 703   840 
 703   846 
 703   847 
 703   848 
 703   849 
 703   850 
 703   857 
 703   865 
 703   869 
 703   872 
 704   701 
 705   607 
 705   621 
 705   634 
 705   663 
 705   665 
 705   676 
 705   714 
 705   751 
 706   590 
 706   703 
 707   639 
 707   700 
 707   703 
 707   812 
 707   846 
 708   47 
 708   326 
 708   327 
 708   458 
 708   484 
 708   703 
 708   712 
 709   246 
 709   615 
 709   654 
 709   748 
 709   751 
 709   774 
 709   806 
 709   816 
 710   178 
 710   278 
 710   402 
 710   624 
 710   627 
 710   643 
 710   657 
 710   661 
 710   669 
 710   751 
 710   812 
 711   621 
 711   657 
 712   16 
 712   643 
 712   708 
 712   772 
 712   802 
 713   16 
 713   70 
 713   87 
 713   98 
 713   274 
 713   284 
 713   302 
 713   417 
 713   643 
 713   790 
 714   16 
 714   22 
 714   30 
 714   40 
 714   71 
 714   73 
 714   78 
 714   105 
 714   131 
 714   138 
 714   171 
 714   178 
 714   186 
 714   193 
 714   200 
 714   239 
 714   247 
 714   253 
 714   257 
 714   271 
 714   278 
 714   279 
 714   309 
 714   332 
 714   353 
 714   402 
 714   485 
 714   590 
 714   621 
 714   624 
 714   639 
 714   657 
 714   659 
 714   673 
 714   696 
 714   700 
 714   703 
 714   705 
 714   751 
 714   752 
 714   767 
 714   769 
 714   773 
 714   781 
 714   800 
 714   806 
 714   825 
 714   837 
 714   844 
 714   847 
 714   857 
 714   865 
 715   621 
 715   702 
 715   722 
 715   762 
 715   776 
 716   81 
 716   82 
 716   140 
 716   178 
 716   300 
 716   654 
 716   769 
 716   806 
 716   847 
 716   859 
 717   100 
 717   362 
 717   590 
 717   609 
 717   615 
 717   624 
 717   635 
 717   645 
 717   659 
 717   661 
 717   701 
 717   703 
 717   753 
 717   773 
 717   785 
 717   812 
 717   822 
 717   837 
 717   846 
 717   865 
 718   16 
 718   40 
 718   62 
 718   178 
 718   288 
 718   332 
 718   406 
 718   461 
 718   527 
 718   622 
 718   639 
 718   703 
 718   797 
 718   804 
 718   806 
 719   672 
 719   830 
 720   14 
 720   40 
 720   62 
 720   78 
 720   209 
 720   355 
 720   402 
 720   417 
 720   606 
 720   654 
 720   703 
 721   16 
 721   78 
 721   98 
 721   146 
 721   151 
 721   285 
 721   320 
 721   345 
 721   362 
 721   371 
 721   402 
 721   610 
 721   668 
 721   703 
 721   769 
 721   783 
 721   806 
 721   808 
 722   241 
 722   273 
 722   296 
 722   621 
 722   715 
 722   783 
 722   826 
 722   865 
 723   16 
 723   22 
 723   40 
 723   178 
 723   287 
 723   313 
 723   402 
 723   521 
 723   576 
 723   602 
 723   603 
 723   604 
 723   621 
 723   654 
 723   658 
 723   672 
 723   696 
 723   703 
 723   769 
 724   639 
 724   654 
 724   657 
 724   681 
 724   682 
 724   751 
 725   362 
 725   590 
 725   671 
 725   701 
 725   751 
 725   790 
 725   825 
 725   865 
 726   630 
 726   633 
 726   634 
 726   657 
 726   659 
 726   751 
 726   753 
 726   792 
 726   810 
 726   821 
 726   846 
 727   16 
 727   71 
 727   100 
 727   645 
 727   654 
 727   671 
 727   751 
 727   768 
 727   781 
 727   806 
 727   825 
 727   827 
 727   830 
 727   836 
 727   847 
 728   69 
 728   76 
 728   78 
 728   768 
 729   40 
 729   79 
 729   268 
 729   402 
 729   624 
 729   643 
 729   673 
 729   703 
 729   767 
 729   806 
 729   825 
 729   836 
 730   71 
 730   72 
 730   117 
 730   166 
 730   169 
 730   172 
 730   176 
 730   201 
 730   202 
 730   207 
 730   279 
 730   308 
 730   309 
 730   348 
 730   349 
 730   370 
 730   373 
 730   381 
 730   390 
 730   401 
 730   406 
 730   413 
 730   425 
 730   436 
 730   441 
 730   445 
 730   450 
 730   455 
 730   459 
 730   460 
 730   461 
 730   462 
 730   466 
 730   467 
 730   473 
 730   474 
 730   493 
 730   502 
 730   510 
 730   515 
 730   521 
 730   527 
 730   532 
 730   554 
 730   560 
 730   569 
 730   575 
 730   583 
 730   597 
 730   614 
 730   677 
 730   701 
 730   769 
 730   773 
 730   806 
 730   818 
 730   846 
 730   864 
 730   865 
 731   70 
 731   152 
 731   654 
 731   751 
 731   757 
 731   768 
 732   654 
 732   676 
 732   751 
 732   773 
 732   807 
 732   812 
 733   735 
 734   14 
 734   16 
 734   40 
 734   78 
 734   407 
 734   590 
 734   701 
 734   737 
 734   767 
 734   774 
 734   816 
 734   847 
 735   44 
 735   62 
 735   209 
 735   654 
 735   661 
 735   733 
 735   757 
 735   847 
 736   751 
 737   734 
 737   774 
 738   865 
 739   16 
 739   121 
 739   178 
 739   180 
 739   193 
 739   351 
 739   397 
 739   417 
 739   654 
 739   751 
 739   809 
 740   748 
 740   751 
 741   362 
 742   751 
 743   751 
 744   751 
 745   751 
 745   800 
 746   621 
 746   680 
 746   751 
 746   809 
 746   847 
 747   657 
 748   14 
 748   24 
 748   33 
 748   40 
 748   61 
 748   62 
 748   76 
 748   178 
 748   223 
 748   321 
 748   407 
 748   610 
 748   635 
 748   654 
 748   709 
 748   740 
 748   751 
 748   761 
 748   763 
 748   794 
 748   795 
 748   830 
 749   117 
 750   621 
 751   2 
 751   14 
 751   15 
 751   16 
 751   27 
 751   30 
 751   32 
 751   40 
 751   76 
 751   78 
 751   83 
 751   98 
 751   104 
 751   125 
 751   126 
 751   131 
 751   140 
 751   151 
 751   171 
 751   178 
 751   180 
 751   193 
 751   200 
 751   209 
 751   214 
 751   239 
 751   246 
 751   253 
 751   258 
 751   279 
 751   294 
 751   300 
 751   302 
 751   336 
 751   371 
 751   380 
 751   406 
 751   485 
 751   572 
 751   590 
 751   621 
 751   626 
 751   630 
 751   640 
 751   648 
 751   649 
 751   652 
 751   654 
 751   656 
 751   659 
 751   660 
 751   661 
 751   662 
 751   664 
 751   671 
 751   676 
 751   677 
 751   680 
 751   682 
 751   686 
 751   687 
 751   688 
 751   690 
 751   701 
 751   703 
 751   705 
 751   709 
 751   710 
 751   714 
 751   724 
 751   725 
 751   726 
 751   727 
 751   731 
 751   732 
 751   736 
 751   739 
 751   740 
 751   742 
 751   743 
 751   744 
 751   745 
 751   746 
 751   748 
 751   753 
 751   754 
 751   755 
 751   756 
 751   757 
 751   761 
 751   762 
 751   763 
 751   765 
 751   767 
 751   768 
 751   769 
 751   773 
 751   774 
 751   778 
 751   780 
 751   781 
 751   782 
 751   787 
 751   788 
 751   790 
 751   791 
 751   793 
 751   794 
 751   795 
 751   796 
 751   797 
 751   798 
 751   799 
 751   801 
 751   803 
 751   806 
 751   807 
 751   809 
 751   810 
 751   813 
 751   816 
 751   817 
 751   818 
 751   819 
 751   822 
 751   825 
 751   827 
 751   829 
 751   830 
 751   843 
 751   845 
 751   846 
 751   847 
 751   852 
 751   853 
 751   857 
 751   859 
 751   860 
 751   863 
 751   864 
 751   865 
 751   866 
 751   867 
 751   869 
 752   622 
 752   714 
 752   804 
 752   865 
 753   33 
 753   60 
 753   105 
 753   140 
 753   178 
 753   221 
 753   237 
 753   288 
 753   294 
 753   417 
 753   458 
 753   461 
 753   488 
 753   613 
 753   614 
 753   621 
 753   622 
 753   624 
 753   626 
 753   629 
 753   632 
 753   639 
 753   643 
 753   644 
 753   657 
 753   659 
 753   667 
 753   703 
 753   717 
 753   726 
 753   751 
 753   767 
 753   769 
 753   790 
 753   806 
 753   813 
 753   847 
 754   659 
 754   751 
 754   756 
 755   32 
 755   98 
 755   308 
 755   502 
 755   515 
 755   574 
 755   638 
 755   751 
 755   804 
 755   857 
 756   14 
 756   16 
 756   33 
 756   62 
 756   153 
 756   154 
 756   359 
 756   616 
 756   622 
 756   701 
 756   751 
 756   754 
 756   767 
 756   769 
 756   812 
 756   844 
 757   362 
 757   590 
 757   635 
 757   645 
 757   731 
 757   735 
 757   751 
 757   758 
 757   773 
 757   806 
 757   830 
 757   865 
 758   757 
 759   16 
 759   22 
 759   78 
 759   481 
 759   606 
 759   620 
 759   696 
 759   703 
 759   769 
 759   790 
 759   865 
 760   702 
 761   2 
 761   48 
 761   98 
 761   101 
 761   107 
 761   148 
 761   152 
 761   209 
 761   246 
 761   274 
 761   288 
 761   335 
 761   455 
 761   536 
 761   566 
 761   569 
 761   583 
 761   654 
 761   659 
 761   688 
 761   748 
 761   751 
 761   763 
 761   766 
 761   767 
 761   768 
 761   774 
 761   775 
 761   782 
 761   806 
 761   825 
 761   828 
 761   846 
 762   362 
 762   590 
 762   645 
 762   654 
 762   685 
 762   701 
 762   703 
 762   715 
 762   751 
 762   767 
 762   768 
 762   769 
 762   771 
 762   790 
 762   830 
 762   833 
 763   654 
 763   748 
 763   751 
 763   761 
 763   767 
 764   479 
 765   0 
 765   5 
 765   16 
 765   33 
 765   47 
 765   51 
 765   590 
 765   751 
 765   768 
 765   772 
 765   787 
 765   796 
 765   799 
 765   800 
 765   809 
 765   819 
 765   829 
 765   830 
 765   832 
 765   847 
 765   857 
 765   867 
 766   761 
 767   362 
 767   590 
 767   614 
 767   621 
 767   639 
 767   657 
 767   659 
 767   701 
 767   714 
 767   729 
 767   734 
 767   751 
 767   753 
 767   756 
 767   761 
 767   762 
 767   763 
 767   769 
 767   773 
 767   774 
 767   783 
 767   812 
 767   814 
 767   830 
 767   837 
 767   846 
 767   857 
 767   865 
 768   16 
 768   78 
 768   98 
 768   133 
 768   445 
 768   491 
 768   524 
 768   574 
 768   621 
 768   632 
 768   727 
 768   728 
 768   731 
 768   751 
 768   761 
 768   762 
 768   765 
 768   769 
 768   770 
 768   772 
 768   773 
 768   790 
 768   830 
 768   846 
 769   7 
 769   14 
 769   33 
 769   40 
 769   140 
 769   153 
 769   178 
 769   207 
 769   232 
 769   320 
 769   380 
 769   417 
 769   445 
 769   455 
 769   461 
 769   466 
 769   590 
 769   613 
 769   614 
 769   619 
 769   622 
 769   644 
 769   654 
 769   659 
 769   672 
 769   695 
 769   703 
 769   714 
 769   716 
 769   721 
 769   723 
 769   730 
 769   751 
 769   753 
 769   756 
 769   759 
 769   762 
 769   767 
 769   768 
 769   773 
 769   782 
 769   785 
 769   806 
 769   813 
 769   825 
 769   830 
 769   833 
 769   847 
 769   858 
 770   768 
 770   771 
 771   762 
 771   770 
 772   207 
 772   712 
 772   765 
 772   768 
 772   804 
 772   814 
 773   2 
 773   16 
 773   31 
 773   32 
 773   39 
 773   40 
 773   43 
 773   63 
 773   71 
 773   78 
 773   81 
 773   98 
 773   100 
 773   108 
 773   110 
 773   178 
 773   181 
 773   239 
 773   250 
 773   251 
 773   268 
 773   279 
 773   284 
 773   287 
 773   294 
 773   302 
 773   312 
 773   351 
 773   355 
 773   362 
 773   364 
 773   380 
 773   397 
 773   402 
 773   417 
 773   434 
 773   455 
 773   461 
 773   556 
 773   569 
 773   572 
 773   590 
 773   621 
 773   639 
 773   657 
 773   700 
 773   702 
 773   703 
 773   714 
 773   717 
 773   730 
 773   732 
 773   751 
 773   757 
 773   767 
 773   768 
 773   769 
 773   782 
 773   787 
 773   790 
 773   807 
 773   825 
 773   830 
 773   831 
 773   833 
 773   865 
 773   869 
 774   709 
 774   734 
 774   737 
 774   751 
 774   761 
 774   767 
 775   677 
 775   761 
 776   16 
 776   40 
 776   76 
 776   78 
 776   140 
 776   200 
 776   289 
 776   634 
 776   715 
 776   782 
 776   784 
 776   785 
 776   813 
 776   816 
 776   825 
 777   294 
 777   327 
 778   751 
 779   67 
 779   178 
 779   209 
 779   261 
 779   344 
 779   459 
 779   533 
 779   539 
 779   540 
 779   541 
 779   542 
 779   544 
 779   574 
 779   597 
 779   827 
 780   16 
 780   82 
 780   253 
 780   417 
 780   751 
 780   781 
 780   790 
 781   4 
 781   16 
 781   40 
 781   98 
 781   100 
 781   105 
 781   138 
 781   200 
 781   253 
 781   278 
 781   279 
 781   299 
 781   355 
 781   371 
 781   380 
 781   406 
 781   409 
 781   417 
 781   445 
 781   464 
 781   502 
 781   614 
 781   621 
 781   629 
 781   632 
 781   649 
 781   657 
 781   658 
 781   659 
 781   666 
 781   671 
 781   677 
 781   680 
 781   700 
 781   714 
 781   727 
 781   751 
 781   780 
 781   787 
 781   790 
 781   794 
 781   796 
 781   800 
 781   806 
 781   819 
 781   822 
 781   830 
 781   858 
 782   16 
 782   34 
 782   39 
 782   40 
 782   48 
 782   52 
 782   57 
 782   78 
 782   90 
 782   119 
 782   143 
 782   198 
 782   209 
 782   258 
 782   289 
 782   300 
 782   306 
 782   335 
 782   336 
 782   346 
 782   380 
 782   445 
 782   468 
 782   512 
 782   532 
 782   585 
 782   590 
 782   599 
 782   661 
 782   751 
 782   761 
 782   769 
 782   773 
 782   776 
 782   783 
 782   784 
 782   785 
 782   786 
 782   796 
 782   813 
 782   816 
 782   825 
 782   846 
 782   850 
 782   869 
 783   278 
 783   621 
 783   666 
 783   668 
 783   677 
 783   696 
 783   702 
 783   721 
 783   722 
 783   767 
 783   782 
 783   790 
 783   846 
 784   16 
 784   40 
 784   466 
 784   776 
 784   782 
 784   785 
 784   786 
 784   796 
 784   813 
 784   846 
 785   9 
 785   717 
 785   769 
 785   776 
 785   782 
 785   784 
 785   796 
 785   813 
 785   850 
 786   16 
 786   40 
 786   78 
 786   574 
 786   782 
 786   784 
 786   846 
 787   14 
 787   703 
 787   751 
 787   765 
 787   773 
 787   781 
 787   790 
 787   800 
 787   830 
 787   836 
 788   751 
 788   825 
 789   608 
 789   634 
 789   701 
 789   703 
 789   810 
 789   812 
 789   846 
 790   75 
 790   362 
 790   607 
 790   622 
 790   626 
 790   632 
 790   643 
 790   654 
 790   657 
 790   665 
 790   666 
 790   672 
 790   701 
 790   703 
 790   713 
 790   725 
 790   751 
 790   753 
 790   759 
 790   762 
 790   768 
 790   773 
 790   780 
 790   781 
 790   783 
 790   787 
 790   791 
 790   792 
 790   793 
 790   794 
 790   795 
 790   797 
 790   798 
 790   800 
 790   804 
 790   812 
 790   822 
 790   825 
 790   830 
 790   836 
 790   837 
 790   857 
 791   14 
 791   78 
 791   288 
 791   751 
 791   790 
 791   813 
 791   830 
 792   153 
 792   207 
 792   481 
 792   607 
 792   624 
 792   626 
 792   627 
 792   659 
 792   663 
 792   703 
 792   726 
 792   790 
 792   830 
 793   751 
 793   790 
 794   23 
 794   35 
 794   66 
 794   71 
 794   76 
 794   118 
 794   130 
 794   148 
 794   178 
 794   294 
 794   338 
 794   406 
 794   445 
 794   502 
 794   572 
 794   627 
 794   748 
 794   751 
 794   781 
 794   790 
 794   800 
 794   822 
 794   829 
 794   830 
 794   834 
 794   846 
 794   869 
 795   748 
 795   751 
 795   790 
 795   813 
 796   16 
 796   645 
 796   751 
 796   765 
 796   781 
 796   782 
 796   784 
 796   785 
 796   830 
 796   846 
 796   850 
 797   100 
 797   624 
 797   671 
 797   703 
 797   718 
 797   751 
 797   790 
 797   825 
 798   751 
 798   790 
 799   16 
 799   661 
 799   686 
 799   751 
 799   765 
 799   802 
 799   804 
 799   819 
 799   827 
 799   829 
 799   830 
 799   832 
 799   836 
 799   847 
 799   867 
 800   25 
 800   362 
 800   626 
 800   639 
 800   714 
 800   745 
 800   765 
 800   781 
 800   787 
 800   790 
 800   794 
 801   40 
 801   180 
 801   652 
 801   661 
 801   700 
 801   703 
 801   751 
 801   806 
 802   703 
 802   712 
 802   799 
 803   751 
 803   827 
 803   867 
 804   16 
 804   17 
 804   40 
 804   55 
 804   78 
 804   90 
 804   241 
 804   371 
 804   402 
 804   443 
 804   590 
 804   606 
 804   621 
 804   652 
 804   657 
 804   663 
 804   666 
 804   667 
 804   673 
 804   688 
 804   696 
 804   700 
 804   703 
 804   718 
 804   752 
 804   755 
 804   772 
 804   790 
 804   799 
 804   806 
 804   809 
 804   812 
 804   836 
 804   844 
 804   845 
 804   850 
 804   865 
 805   840 
 806   16 
 806   17 
 806   25 
 806   26 
 806   30 
 806   32 
 806   33 
 806   50 
 806   68 
 806   75 
 806   102 
 806   140 
 806   178 
 806   193 
 806   209 
 806   275 
 806   316 
 806   346 
 806   355 
 806   362 
 806   373 
 806   385 
 806   394 
 806   434 
 806   443 
 806   445 
 806   482 
 806   497 
 806   502 
 806   527 
 806   560 
 806   563 
 806   590 
 806   608 
 806   610 
 806   614 
 806   624 
 806   626 
 806   631 
 806   635 
 806   639 
 806   644 
 806   645 
 806   648 
 806   649 
 806   652 
 806   655 
 806   659 
 806   661 
 806   666 
 806   676 
 806   682 
 806   690 
 806   703 
 806   709 
 806   714 
 806   716 
 806   718 
 806   721 
 806   727 
 806   729 
 806   730 
 806   751 
 806   753 
 806   757 
 806   761 
 806   769 
 806   781 
 806   801 
 806   804 
 806   810 
 806   830 
 806   836 
 806   843 
 806   846 
 806   847 
 806   857 
 807   3 
 807   16 
 807   131 
 807   214 
 807   362 
 807   475 
 807   614 
 807   666 
 807   671 
 807   703 
 807   732 
 807   751 
 807   773 
 807   809 
 807   818 
 807   827 
 807   830 
 807   847 
 807   850 
 808   146 
 808   721 
 808   833 
 809   16 
 809   32 
 809   40 
 809   125 
 809   362 
 809   590 
 809   612 
 809   614 
 809   615 
 809   621 
 809   634 
 809   645 
 809   650 
 809   654 
 809   688 
 809   739 
 809   746 
 809   751 
 809   765 
 809   804 
 809   807 
 809   819 
 809   822 
 809   832 
 809   847 
 809   859 
 809   863 
 810   3 
 810   16 
 810   151 
 810   160 
 810   178 
 810   251 
 810   279 
 810   336 
 810   407 
 810   445 
 810   485 
 810   605 
 810   606 
 810   621 
 810   630 
 810   651 
 810   654 
 810   667 
 810   701 
 810   703 
 810   726 
 810   751 
 810   789 
 810   806 
 810   821 
 810   825 
 810   847 
 810   850 
 811   21 
 811   83 
 811   117 
 811   272 
 811   274 
 811   279 
 812   15 
 812   16 
 812   20 
 812   33 
 812   40 
 812   42 
 812   71 
 812   72 
 812   127 
 812   140 
 812   153 
 812   221 
 812   222 
 812   278 
 812   345 
 812   398 
 812   402 
 812   590 
 812   607 
 812   609 
 812   616 
 812   621 
 812   622 
 812   624 
 812   625 
 812   626 
 812   643 
 812   649 
 812   652 
 812   654 
 812   657 
 812   659 
 812   666 
 812   673 
 812   676 
 812   677 
 812   688 
 812   701 
 812   703 
 812   707 
 812   710 
 812   717 
 812   732 
 812   756 
 812   767 
 812   789 
 812   790 
 812   804 
 812   844 
 812   846 
 812   857 
 812   865 
 812   869 
 812   870 
 813   7 
 813   78 
 813   134 
 813   258 
 813   261 
 813   466 
 813   614 
 813   634 
 813   751 
 813   753 
 813   769 
 813   776 
 813   782 
 813   784 
 813   785 
 813   791 
 813   795 
 813   821 
 814   16 
 814   257 
 814   278 
 814   353 
 814   610 
 814   621 
 814   657 
 814   671 
 814   702 
 814   767 
 814   772 
 814   825 
 815   819 
 816   659 
 816   701 
 816   709 
 816   734 
 816   751 
 816   776 
 816   782 
 816   850 
 816   865 
 817   701 
 817   751 
 818   39 
 818   72 
 818   131 
 818   178 
 818   279 
 818   309 
 818   322 
 818   351 
 818   406 
 818   417 
 818   455 
 818   474 
 818   730 
 818   751 
 818   807 
 818   852 
 819   16 
 819   414 
 819   524 
 819   590 
 819   629 
 819   635 
 819   645 
 819   666 
 819   701 
 819   703 
 819   751 
 819   765 
 819   781 
 819   799 
 819   809 
 819   815 
 819   825 
 820   487 
 820   857 
 821   78 
 821   134 
 821   209 
 821   237 
 821   244 
 821   279 
 821   306 
 821   329 
 821   337 
 821   347 
 821   355 
 821   373 
 821   386 
 821   417 
 821   459 
 821   511 
 821   526 
 821   528 
 821   597 
 821   621 
 821   639 
 821   671 
 821   726 
 821   810 
 821   813 
 821   837 
 822   26 
 822   35 
 822   39 
 822   71 
 822   88 
 822   102 
 822   131 
 822   171 
 822   209 
 822   250 
 822   268 
 822   280 
 822   308 
 822   314 
 822   380 
 822   466 
 822   657 
 822   717 
 822   751 
 822   781 
 822   790 
 822   794 
 822   809 
 822   836 
 822   846 
 822   853 
 822   858 
 822   864 
 822   869 
 823   8 
 823   402 
 824   16 
 824   661 
 824   853 
 824   869 
 825   3 
 825   14 
 825   16 
 825   32 
 825   33 
 825   61 
 825   100 
 825   143 
 825   178 
 825   190 
 825   194 
 825   219 
 825   246 
 825   268 
 825   322 
 825   335 
 825   362 
 825   397 
 825   466 
 825   474 
 825   485 
 825   488 
 825   489 
 825   490 
 825   524 
 825   590 
 825   607 
 825   621 
 825   626 
 825   634 
 825   639 
 825   645 
 825   671 
 825   701 
 825   703 
 825   714 
 825   725 
 825   727 
 825   729 
 825   751 
 825   761 
 825   769 
 825   773 
 825   776 
 825   782 
 825   788 
 825   790 
 825   797 
 825   810 
 825   814 
 825   819 
 825   827 
 825   830 
 825   836 
 825   837 
 825   845 
 825   846 
 825   847 
 825   865 
 825   866 
 825   869 
 826   133 
 826   722 
 827   3 
 827   16 
 827   32 
 827   35 
 827   36 
 827   39 
 827   40 
 827   45 
 827   46 
 827   47 
 827   48 
 827   50 
 827   52 
 827   55 
 827   57 
 827   62 
 827   65 
 827   71 
 827   79 
 827   100 
 827   110 
 827   130 
 827   142 
 827   152 
 827   159 
 827   166 
 827   168 
 827   178 
 827   180 
 827   280 
 827   294 
 827   346 
 827   388 
 827   515 
 827   590 
 827   703 
 827   727 
 827   751 
 827   779 
 827   799 
 827   803 
 827   807 
 827   825 
 827   845 
 827   847 
 827   855 
 827   867 
 827   873 
 828   349 
 828   455 
 828   482 
 828   761 
 829   0 
 829   16 
 829   62 
 829   131 
 829   166 
 829   204 
 829   209 
 829   260 
 829   292 
 829   322 
 829   380 
 829   417 
 829   502 
 829   572 
 829   590 
 829   615 
 829   661 
 829   751 
 829   765 
 829   794 
 829   799 
 829   830 
 829   832 
 829   836 
 830   5 
 830   14 
 830   15 
 830   16 
 830   17 
 830   20 
 830   24 
 830   31 
 830   32 
 830   33 
 830   40 
 830   43 
 830   51 
 830   82 
 830   98 
 830   105 
 830   140 
 830   162 
 830   166 
 830   171 
 830   178 
 830   186 
 830   200 
 830   204 
 830   232 
 830   239 
 830   243 
 830   268 
 830   279 
 830   288 
 830   300 
 830   302 
 830   308 
 830   338 
 830   346 
 830   351 
 830   361 
 830   364 
 830   373 
 830   380 
 830   406 
 830   417 
 830   424 
 830   425 
 830   455 
 830   477 
 830   479 
 830   485 
 830   488 
 830   500 
 830   502 
 830   504 
 830   520 
 830   522 
 830   532 
 830   575 
 830   590 
 830   621 
 830   622 
 830   627 
 830   629 
 830   639 
 830   643 
 830   645 
 830   654 
 830   657 
 830   659 
 830   663 
 830   668 
 830   686 
 830   688 
 830   695 
 830   696 
 830   697 
 830   700 
 830   701 
 830   703 
 830   719 
 830   727 
 830   748 
 830   751 
 830   757 
 830   762 
 830   765 
 830   767 
 830   768 
 830   769 
 830   773 
 830   781 
 830   787 
 830   790 
 830   791 
 830   792 
 830   794 
 830   796 
 830   799 
 830   806 
 830   807 
 830   825 
 830   829 
 830   831 
 830   832 
 830   836 
 830   847 
 830   853 
 830   856 
 831   362 
 831   645 
 831   773 
 831   830 
 832   16 
 832   286 
 832   765 
 832   799 
 832   809 
 832   829 
 832   830 
 832   836 
 833   146 
 833   402 
 833   703 
 833   762 
 833   769 
 833   773 
 833   808 
 834   62 
 834   148 
 834   242 
 834   274 
 834   403 
 834   406 
 834   421 
 834   455 
 834   502 
 834   574 
 834   577 
 834   794 
 835   836 
 836   16 
 836   62 
 836   71 
 836   178 
 836   362 
 836   524 
 836   590 
 836   624 
 836   626 
 836   639 
 836   657 
 836   671 
 836   703 
 836   727 
 836   729 
 836   787 
 836   790 
 836   799 
 836   804 
 836   806 
 836   822 
 836   825 
 836   829 
 836   830 
 836   832 
 836   835 
 836   845 
 836   846 
 836   865 
 837   16 
 837   21 
 837   30 
 837   32 
 837   40 
 837   52 
 837   78 
 837   98 
 837   126 
 837   131 
 837   140 
 837   178 
 837   180 
 837   200 
 837   233 
 837   241 
 837   257 
 837   258 
 837   289 
 837   488 
 837   574 
 837   606 
 837   620 
 837   621 
 837   624 
 837   639 
 837   657 
 837   661 
 837   671 
 837   702 
 837   714 
 837   717 
 837   767 
 837   790 
 837   821 
 837   825 
 838   179 
 839   846 
 840   2 
 840   14 
 840   25 
 840   73 
 840   126 
 840   171 
 840   241 
 840   703 
 840   805 
 841   590 
 842   701 
 843   610 
 843   751 
 843   806 
 844   22 
 844   100 
 844   153 
 844   154 
 844   189 
 844   196 
 844   211 
 844   278 
 844   353 
 844   402 
 844   590 
 844   624 
 844   701 
 844   714 
 844   756 
 844   804 
 844   812 
 844   860 
 844   865 
 845   10 
 845   16 
 845   32 
 845   49 
 845   71 
 845   148 
 845   178 
 845   225 
 845   274 
 845   362 
 845   502 
 845   590 
 845   607 
 845   639 
 845   682 
 845   751 
 845   804 
 845   825 
 845   827 
 845   836 
 845   847 
 846   0 
 846   14 
 846   16 
 846   30 
 846   33 
 846   40 
 846   57 
 846   62 
 846   71 
 846   76 
 846   78 
 846   94 
 846   104 
 846   140 
 846   148 
 846   152 
 846   178 
 846   209 
 846   238 
 846   253 
 846   257 
 846   278 
 846   279 
 846   280 
 846   294 
 846   300 
 846   306 
 846   321 
 846   322 
 846   335 
 846   338 
 846   351 
 846   369 
 846   371 
 846   380 
 846   384 
 846   388 
 846   391 
 846   402 
 846   404 
 846   410 
 846   417 
 846   425 
 846   440 
 846   455 
 846   462 
 846   466 
 846   502 
 846   515 
 846   521 
 846   560 
 846   569 
 846   574 
 846   583 
 846   597 
 846   598 
 846   609 
 846   621 
 846   622 
 846   654 
 846   657 
 846   659 
 846   671 
 846   703 
 846   707 
 846   717 
 846   726 
 846   730 
 846   751 
 846   761 
 846   767 
 846   768 
 846   782 
 846   783 
 846   784 
 846   786 
 846   789 
 846   794 
 846   796 
 846   806 
 846   812 
 846   822 
 846   825 
 846   836 
 846   839 
 846   853 
 846   857 
 846   858 
 846   859 
 846   864 
 846   869 
 847   16 
 847   33 
 847   100 
 847   117 
 847   362 
 847   615 
 847   621 
 847   624 
 847   626 
 847   630 
 847   632 
 847   633 
 847   634 
 847   635 
 847   639 
 847   644 
 847   654 
 847   661 
 847   688 
 847   701 
 847   703 
 847   714 
 847   716 
 847   727 
 847   734 
 847   735 
 847   746 
 847   751 
 847   753 
 847   765 
 847   769 
 847   799 
 847   806 
 847   807 
 847   809 
 847   810 
 847   825 
 847   827 
 847   830 
 847   845 
 847   848 
 847   865 
 847   867 
 848   654 
 848   686 
 848   703 
 848   847 
 849   1 
 849   241 
 849   353 
 849   657 
 849   703 
 850   590 
 850   654 
 850   703 
 850   782 
 850   785 
 850   796 
 850   804 
 850   807 
 850   810 
 850   816 
 851   521 
 852   322 
 852   380 
 852   751 
 852   818 
 853   16 
 853   40 
 853   53 
 853   71 
 853   98 
 853   110 
 853   148 
 853   178 
 853   209 
 853   240 
 853   253 
 853   346 
 853   355 
 853   362 
 853   626 
 853   659 
 853   661 
 853   672 
 853   751 
 853   822 
 853   824 
 853   830 
 853   846 
 853   854 
 853   858 
 853   864 
 853   869 
 854   178 
 854   209 
 854   853 
 855   45 
 855   81 
 855   110 
 855   126 
 855   148 
 855   166 
 855   178 
 855   355 
 855   361 
 855   364 
 855   399 
 855   417 
 855   448 
 855   477 
 855   502 
 855   523 
 855   575 
 855   827 
 856   830 
 857   62 
 857   64 
 857   153 
 857   178 
 857   278 
 857   285 
 857   371 
 857   386 
 857   402 
 857   443 
 857   466 
 857   487 
 857   491 
 857   620 
 857   624 
 857   625 
 857   631 
 857   643 
 857   657 
 857   671 
 857   676 
 857   677 
 857   681 
 857   703 
 857   714 
 857   751 
 857   755 
 857   765 
 857   767 
 857   790 
 857   806 
 857   812 
 857   820 
 857   846 
 857   865 
 858   769 
 858   781 
 858   822 
 858   846 
 858   853 
 858   864 
 859   17 
 859   26 
 859   76 
 859   83 
 859   98 
 859   178 
 859   416 
 859   716 
 859   751 
 859   809 
 859   846 
 860   212 
 860   751 
 860   844 
 860   865 
 861   62 
 861   622 
 862   622 
 863   98 
 863   751 
 863   809 
 864   24 
 864   102 
 864   250 
 864   409 
 864   417 
 864   447 
 864   455 
 864   459 
 864   482 
 864   569 
 864   583 
 864   730 
 864   751 
 864   822 
 864   846 
 864   853 
 864   858 
 864   869 
 865   14 
 865   15 
 865   16 
 865   22 
 865   31 
 865   33 
 865   43 
 865   55 
 865   58 
 865   62 
 865   71 
 865   78 
 865   130 
 865   134 
 865   135 
 865   138 
 865   140 
 865   151 
 865   153 
 865   171 
 865   178 
 865   180 
 865   183 
 865   184 
 865   189 
 865   193 
 865   239 
 865   251 
 865   271 
 865   278 
 865   279 
 865   324 
 865   332 
 865   351 
 865   353 
 865   355 
 865   362 
 865   371 
 865   373 
 865   378 
 865   396 
 865   397 
 865   398 
 865   402 
 865   406 
 865   417 
 865   426 
 865   443 
 865   461 
 865   463 
 865   465 
 865   466 
 865   467 
 865   500 
 865   501 
 865   503 
 865   509 
 865   516 
 865   522 
 865   524 
 865   529 
 865   557 
 865   561 
 865   562 
 865   565 
 865   574 
 865   575 
 865   579 
 865   580 
 865   582 
 865   590 
 865   606 
 865   619 
 865   621 
 865   622 
 865   626 
 865   634 
 865   639 
 865   643 
 865   657 
 865   659 
 865   660 
 865   677 
 865   681 
 865   686 
 865   688 
 865   696 
 865   700 
 865   701 
 865   702 
 865   703 
 865   714 
 865   717 
 865   722 
 865   725 
 865   730 
 865   738 
 865   751 
 865   752 
 865   757 
 865   759 
 865   767 
 865   773 
 865   804 
 865   812 
 865   816 
 865   825 
 865   836 
 865   844 
 865   847 
 865   857 
 865   860 
 866   71 
 866   81 
 866   181 
 866   202 
 866   209 
 866   223 
 866   460 
 866   751 
 866   825 
 867   16 
 867   751 
 867   765 
 867   799 
 867   803 
 867   827 
 867   847 
 868   279 
 868   329 
 869   61 
 869   78 
 869   621 
 869   626 
 869   672 
 869   703 
 869   751 
 869   773 
 869   782 
 869   794 
 869   812 
 869   822 
 869   824 
 869   825 
 869   846 
 869   853 
 869   864 
 870   25 
 870   812 
 871   701 
 872   686 
 872   703 
 873   45 
 873   48 
 873   65 
 873   68 
 873   71 
 873   79 
 873   100 
 873   110 
 873   251 
 873   827 
 